72075186224042042
72075186224042044
72075186224042045
72075186224042046
72075186224042048
72075186224042050
72075186224042051
72075186224042052
72075186224042054
72075186224042056
72075186224042057
72075186224042058
72075186224042060
72075186224042061
72075186224042082
72075186224042083
72075186224042084
72075186224042086
72075186224042088
72075186224042090
72075186224042091
72075186224042092
72075186224042093
72075186224042094
72075186224042095
72075186224042096
72075186224042097
72075186224042098
72075186224042099
72075186224042100
72075186224042101
72075186224043311
72075186224044925
72075186224052346
72075186224053746
72075186224055120
72075186224055121
72075186224057866
72075186224057867
72075186224057892
72075186224057900
72075186224060048
72075186224065757
72075186224065813
72075186224065814
72075186224079972
72075186224091458
72075186224108393
72075186224109921
72075186224109922
72075186224110015
72075186224119452
72075186224125123
72075186224125125
72075186224130047
72075186224130049
72075186224130051
72075186224130052
72075186224130053
72075186224131049
72075186224141035
72075186224141037
72075186224141069
72075186224144022
72075186224144023
72075186224148704
72075186224157544
72075186224157546
72075186224157548
72075186224157550
72075186224157551
72075186224157552
72075186224157553
72075186224157558
72075186224157560
72075186224157562
72075186224157563
72075186224157564
72075186224157565
72075186224157566
72075186224157567
72075186224157586
72075186224157587
72075186224157588
72075186224157590
72075186224157592
72075186224157594
72075186224157596
72075186224157597
72075186224157598
72075186224157600
72075186224157601
72075186224157602
72075186224157603
72075186224157604
72075186224157606
72075186224157607
72075186224157608
72075186224157609
72075186224157610
72075186224157612
72075186224157614
72075186224157615
72075186224158006
72075186224158008
72075186224158009
72075186224158010
72075186224158011
72075186224158012
72075186224158013
72075186224158014
72075186224158016
72075186224158018
72075186224158019
72075186224158020
72075186224158022
72075186224158024
72075186224199595
72075186224199617
72075186224199618
72075186224223302
72075186224223303
72075186224225538
72075186224225539
72075186224225934
72075186224229402
72075186224229403
72075186224241892
72075186224241893
72075186224255693
72075186224264746
72075186224267080
72075186224276361
72075186224276362
72075186224278321
72075186224281721
72075186224281815
72075186224289891
72075186224298358
72075186224298359
72075186224304054
72075186224304055
72075186224332197
72075186224371251
72075186224371252
72075186224373309
72075186224373311
72075186224450876
72075186224450877
72075186224468504
72075186224475255
72075186224492501
72075186224506075
72075186224506076
72075186224512941
72075186224520301
72075186224521041
72075186224565342
72075186224565343
72075186224577494
72075186224577495
72075186224586912
72075186224587058
72075186224588492
72075186224589702
72075186224589704
72075186224589705
72075186224589860
72075186224590318
72075186224590319
72075186224591013
72075186224593083
72075186224593084
72075186224593771
72075186224593772
72075186224611176
72075186224611177
72075186224637057
72075186224637058
72075186224668408
72075186224668522
72075186224744955
72075186224744956
72075186224860014
72075186224860015
72075186224861885
72075186224865529
72075186224931057
72075186224931058
72075186224949220
72075186224958416
72075186224976596
72075186225099923
72075186225099924
72075186225100619
72075186225158129
72075186225166487
72075186225183435
72075186225183436
72075186225183865
72075186225183919
72075186225183920
72075186225183921
72075186225183922
72075186225183925
72075186225183941
72075186225183942
72075186225183975
72075186225183977
72075186225183978
72075186225183981
72075186225183982
72075186225183983
72075186225183984
72075186225193639
72075186225193640
72075186225193654
72075186225193655
72075186225199018
72075186225217592
72075186225217593
72075186225232768
72075186225232769
72075186225232772
72075186225232773
72075186225236389
72075186225236996
72075186225237254
72075186225237255
72075186225237256
72075186225256362
72075186225265436
72075186225265437
72075186225265607
72075186225265608
72075186225265727
72075186225266188
72075186225294115
72075186225294116
72075186225303691
72075186225317910
72075186225323439
72075186225323440
72075186225326807
72075186225327085
72075186225328298
72075186225328921
72075186225328922
72075186225331592
72075186225331596
72075186225331597
72075186225331873
72075186225331874
72075186225332297
72075186225332301
72075186225337588
72075186225337589
72075186225337590
72075186225337591
72075186225337673
72075186225337674
72075186225337810
72075186225337811
72075186225337814
72075186225337815
72075186225338792
72075186225338796
72075186225355414
72075186225355415
72075186225371178
72075186225385342
72075186225404244
72075186225423995
72075186225428384
72075186225428394
72075186225428395
72075186225434269
72075186225434270
72075186225434393
72075186225437664
72075186225437665
72075186225438075
72075186225438081
72075186225438082
72075186225438263
72075186225438264
72075186225438441
72075186225438442
72075186225438532
72075186225438533
72075186225439844
72075186225463914
72075186225463915
72075186225470639
72075186225474316
72075186225474317
72075186225474800
72075186225474801
72075186225474943
72075186225474944
72075186225489066
72075186225493263
72075186225493327
72075186225493364
72075186225507467
72075186225507470
72075186225507590
72075186225508009
72075186225509256
72075186225527351
72075186225527446
72075186225527447
72075186225533567
72075186225538124
72075186225538125
72075186225542815
72075186225542816
72075186225542819
72075186225543013
72075186225547005
72075186225547006
72075186225547917
72075186225547919
72075186225551827
72075186225552615
72075186225552616
72075186225552617
72075186225552855
72075186225553483
72075186225553484
72075186225553485
72075186225556960
72075186225556961
72075186225556962
72075186225557614
72075186225557615
72075186225571914
72075186225590812
72075186225600043
72075186225600044
72075186225601940
72075186225610543
72075186225610544
72075186225625738
72075186225625739
72075186225625740
72075186225669955
72075186225674913
72075186225676155
72075186225706767
72075186225706768
72075186225707255
72075186225755999
72075186225756175
72075186225756437
72075186225767800
72075186225768120
72075186225768121
72075186225768168
72075186225772237
72075186225772240
72075186225777622
72075186225782620
72075186225788593
72075186225788594
72075186225793102
72075186225793176
72075186225811107
72075186225815875
72075186225815876
72075186225816481
72075186225816482
72075186225821014
72075186225821015
72075186225821016
72075186225821902
72075186225827691
72075186225828215
72075186225828216
72075186225832128
72075186225862509
72075186225867778
72075186225868216
72075186225868220
72075186225868422
72075186225868423
72075186225868432
72075186225868433
72075186225868440
72075186225868472
72075186225868473
72075186225874343
72075186225874344
72075186225880050
72075186225897290
72075186225897864
72075186225897865
72075186225898014
72075186225898015
72075186225898020
72075186225940523
72075186225940847
72075186225940848
72075186225940851
72075186225945044
72075186225945698
72075186225946740
72075186225957857
72075186225957858
72075186225958189
72075186225958190
72075186225964292
72075186225964293
72075186225987436
72075186225987437
72075186225993816
72075186225993817
72075186225993848
72075186225993849
72075186226072373
72075186226072374
72075186226072379
72075186226072380
72075186226146049
72075186226146051
72075186226146052
72075186226147375
72075186226147407
72075186226147408
72075186226147923
72075186226147924
72075186226152577
72075186226166675
72075186226166711
72075186226167975
72075186226167976
72075186226215580
72075186226215581
72075186226233232
72075186226233282
72075186226233283
72075186226233340
72075186226233341
72075186226233418
72075186226233810
72075186226245248
72075186226245502
72075186226246636
72075186226246637
72075186226251133
72075186226251449
72075186226251451
72075186226252475
72075186226254919
72075186226254920
72075186226295807
72075186226303689
72075186226303690
72075186226303699
72075186226303701
72075186226327612
72075186226327613
72075186226327614
72075186226327615
72075186226327632
72075186226327633
72075186226327634
72075186226327636
72075186226327638
72075186226327639
72075186226376865
72075186226376867
72075186226385472
72075186226385473
72075186226389613
72075186226391279
72075186226392297
72075186226398554
72075186226398555
72075186226426570
72075186226432519
72075186226447113
72075186226447114
72075186226466469
72075186226471950
72075186226534398
72075186226571647
72075186226571648
72075186226611796
72075186226611797
72075186226612050
72075186226630641
72075186226630642
72075186226630643
72075186226630644
72075186226651604
72075186226668040
72075186226668041
72075186226669554
72075186226669555
72075186226673377
72075186226673378
72075186226673387
72075186226673388
72075186226673391
72075186226673392
72075186226673393
72075186226673411
72075186226673413
72075186226673419
72075186226673420
72075186226673423
72075186226673424
72075186226674393
72075186226674395
72075186226674396
72075186226676931
72075186226676932
72075186226713936
72075186226720187
72075186226720366
72075186226720379
72075186226759762
72075186226759763
72075186226760834
72075186226760835
72075186226808012
72075186226820907
72075186226821099
72075186226828182
72075186226828553
72075186226858617
72075186226863958
72075186226864040
72075186226864064
72075186226868232
72075186226906314
72075186226910293
72075186226910353
72075186226911384
72075186226916626
72075186226916627
72075186226916636
72075186226916864
72075186226916867
72075186226940237
72075186226940243
72075186226940657
72075186226941189
72075186226941191
72075186226941201
72075186226953772
72075186226954734
72075186226954735
72075186226985884
72075186226985885
72075186226985888
72075186227034052
72075186227034124
72075186227034125
72075186227042523
72075186227042524
72075186227042525
72075186227042531
72075186227042532
72075186227042535
72075186227054937
72075186227069946
72075186227069948
72075186227069949
72075186227080497
72075186227080498
72075186227083100
72075186227083101
72075186227083262
72075186227083280
72075186227083281
72075186227124381
72075186227134832
72075186227190657
72075186227200296
72075186227200297
72075186227227046
72075186227227164
72075186227253926
72075186227253928
72075186227254012
72075186227254013
72075186227254014
72075186227254015
72075186227282964
72075186227303702
72075186227323614
72075186227323780
72075186227324614
72075186227328883
72075186227329893
72075186227330557
72075186227332115
72075186227332116
72075186227332337
72075186227336824
72075186227336825
72075186227342382
72075186227343793
72075186227344025
72075186227344645
72075186227344693
72075186227351490
72075186227375309
72075186227375310
72075186227376957
72075186227376958
72075186227377169
72075186227379839
72075186227379841
72075186227379842
72075186227380013
72075186227380014
72075186227383669
72075186227383670
72075186227383702
72075186227383929
72075186227383930
72075186227384582
72075186227389389
72075186227394068
72075186227394069
72075186227394379
72075186227394380
72075186227395280
72075186227395282
72075186227395283
72075186227425176
72075186227425177
72075186227435149
72075186227435150
72075186227435163
72075186227435177
72075186227435178
72075186227436945
72075186227436946
72075186227437695
72075186227437696
72075186227437735
72075186227437736
72075186227444838
72075186227444839
72075186227445848
72075186227452401
72075186227452402
72075186227487121
72075186227487122
72075186227493601
72075186227493602
72075186227493747
72075186227493748
72075186227499693
72075186227507022
72075186227507023
72075186227517200
72075186227517201
72075186227523417
72075186227523418
72075186227531734
72075186227537969
72075186227571247
72075186227571249
72075186227571431
72075186227571671
72075186227571672
72075186227571747
72075186227571748
72075186227581987
72075186227581988
72075186227581991
72075186227635434
72075186227672004
72075186227710178
72075186227710179
72075186227711048
72075186227711300
72075186227711301
72075186227712509
72075186227712510
72075186227712511
72075186227712512
72075186227713961
72075186227713962
72075186227723018
72075186227723019
72075186227723022
72075186227723023
72075186227723026
72075186227728547
72075186227735290
72075186227735564
72075186227735565
72075186227735566
72075186227763895
72075186227763896
72075186227763897
72075186227773585
72075186227773586
72075186227776427
72075186227778767
72075186227778768
72075186227778781
72075186227782808
72075186227782814
72075186227782815
72075186227783374
72075186227783902
72075186227809590
72075186227809591
72075186227809592
72075186227809594
72075186227809595
72075186227809809
72075186227810054
72075186227810266
72075186227810267
72075186227810272
72075186227810616
72075186227811472
72075186227811473
72075186227811958
72075186227811960
72075186227811990
72075186227816053
72075186227816055
72075186227818237
72075186227818551
72075186227818552
72075186227818567
72075186227818593
72075186227823051
72075186227823052
72075186227823101
72075186227823167
72075186227823168
72075186227823173
72075186227823174
72075186227823247
72075186227823248
72075186227823253
72075186227823254
72075186227823287
72075186227823288
72075186227823291
72075186227823685
72075186227823686
72075186227823705
72075186227824321
72075186227830400
72075186227835795
72075186227845006
72075186227845007
72075186227845008
72075186227848332
72075186227848820
72075186227848821
72075186227849240
72075186227868723
72075186227869115
72075186227869116
72075186227876304
72075186227876310
72075186227876311
72075186227876336
72075186227877268
72075186227877414
72075186227877644
72075186227889488
72075186227894868
72075186227894869
72075186227894896
72075186227895016
72075186227895018
72075186227895019
72075186227896235
72075186227896907
72075186227896908
72075186227910387
72075186227913392
72075186227914404
72075186227915726
72075186227940691
72075186227941921
72075186227941925
72075186227941963
72075186227941965
72075186227946788
72075186227946789
72075186227953654
72075186227961819
72075186227961820
72075186227968211
72075186227968212
72075186227968213
72075186227985172
72075186227987070
72075186227987071
72075186227987212
72075186227988992
72075186227988993
72075186228011480
72075186228020411
72075186228020413
72075186228026900
72075186228026901
72075186228045306
72075186228052422
72075186228062500
72075186228069932
72075186228070014
72075186228070015
72075186228075614
72075186228075615
72075186228099591
72075186228114777
72075186228123056
72075186228123058
72075186228123148
72075186228124704
72075186228124708
72075186228124709
72075186228130721
72075186228154368
72075186228169715
72075186228176037
72075186228207726
72075186228207727
72075186228225311
72075186228225363
72075186228225364
72075186228227506
72075186228232526
72075186228234388
72075186228234394
72075186228234395
72075186228234498
72075186228234500
72075186228234501
72075186228266396
72075186228274974
72075186228282821
72075186228283867
72075186228283868
72075186228283907
72075186228284619
72075186228284839
72075186228291354
72075186228291384
72075186228291385
72075186228292672
72075186228292870
72075186228292872
72075186228292873
72075186228292956
72075186228292957
72075186228292958
72075186228292992
72075186228292993
72075186228293852
72075186228293853
72075186228293854
72075186228293892
72075186228294150
72075186228294151
72075186228301289
72075186228301425
72075186228301426
72075186228301435
72075186228320002
72075186228321228
72075186228321262
72075186228321263
72075186228321264
72075186228321265
72075186228321266
72075186228321267
72075186228321620
72075186228321808
72075186228322200
72075186228322201
72075186228322202
72075186228322203
72075186228322204
72075186228322205
72075186228327368
72075186228327369
72075186228327370
72075186228327508
72075186228327509
72075186228329524
72075186228329525
72075186228329526
72075186228329527
72075186228329528
72075186228329529
72075186228329530
72075186228329531
72075186228329532
72075186228329533
72075186228334841
72075186228334842
72075186228334999
72075186228335000
72075186228335001
72075186228335002
72075186228336523
72075186228336524
72075186228343532
72075186228344430
72075186228344544
72075186228344850
72075186228344960
72075186228345086
72075186228345094
72075186228345096
72075186228345097
72075186228345114
72075186228345116
72075186228345120
72075186228345126
72075186228345132
72075186228345140
72075186228345154
72075186228345155
72075186228345166
72075186228351550
72075186228351806
72075186228356132
72075186228359180
72075186228359181
72075186228364218
72075186228364219
72075186228365552
72075186228365828
72075186228365850
72075186228384227
72075186228384229
72075186228384279
72075186228384381
72075186228384382
72075186228384809
72075186228385061
72075186228393053
72075186228405788
72075186228405789
72075186228405790
72075186228427856
72075186228434288
72075186228444288
72075186228451229
72075186228451230
72075186228453455
72075186228453457
72075186228453458
72075186228458629
72075186228458633
72075186228488239
72075186228488240
72075186228511261
72075186228511273
72075186228531431
72075186228531432
72075186228532116
72075186228546431
72075186228546443
72075186228546447
72075186228546448
72075186228546453
72075186228546503
72075186228546504
72075186228546509
72075186228546517
72075186228546518
72075186228546539
72075186228546987
72075186228546988
72075186228547015
72075186228547016
72075186228547023
72075186228547024
72075186228547031
72075186228547137
72075186228547151
72075186228552717
72075186228553912
72075186228553913
72075186228559919
72075186228585306
72075186228695959
72075186228695960
72075186228701317
72075186228707943
72075186228715105
72075186228727923
72075186228727924
72075186228744142
72075186228744624
72075186228744625
72075186228744626
72075186228744628
72075186228744629
72075186228758393
72075186228758394
72075186228759591
72075186228767441
72075186228767442
72075186228767443
72075186228767445
72075186228811678
72075186228811724
72075186228812576
72075186228818134
72075186228818470
72075186228818566
72075186228818567
72075186228818590
72075186228818591
72075186228818632
72075186228818633
72075186228818654
72075186228818656
72075186228818672
72075186228818684
72075186228818698
72075186228818710
72075186228839135
72075186228839137
72075186228839138
72075186228855071
72075186228860200
72075186228860201
72075186228860710
72075186228861902
72075186228861903
72075186228863584
72075186228863586
72075186228863588
72075186228871427
72075186228895075
72075186228895077
72075186228895078
72075186228900307
72075186228915126
72075186228918068
72075186228925146
72075186228925862
72075186228925864
72075186228928598
72075186228930126
72075186228948619
72075186228950248
72075186228962531
72075186228979485
72075186228979487
72075186228979488
72075186228986450
72075186228987046
72075186228987106
72075186228987107
72075186228988349
72075186228988350
72075186229023233
72075186229023234
72075186229030753
72075186229030754
72075186229046153
72075186229048549
72075186229048550
72075186229051497
72075186229057451
72075186229057452
72075186229074769
72075186229074771
72075186229074775
72075186229074987
72075186229077424
72075186229077425
72075186229077426
72075186229077427
72075186229077428
72075186229083060
72075186229083062
72075186229083063
72075186229085660
72075186229085662
72075186229085929
72075186229085930
72075186229088340
72075186229091746
72075186229091747
72075186229091918
72075186229091919
72075186229092072
72075186229092074
72075186229093872
72075186229099010
72075186229099120
72075186229099121
72075186229101162
72075186229101356
72075186229101618
72075186229102196
72075186229102658
72075186229102659
72075186229102748
72075186229102749
72075186229102968
72075186229103026
72075186229103027
72075186229103662
72075186229103664
72075186229104458
72075186229104459
72075186229104668
72075186229104669
72075186229104910
72075186229105592
72075186229105880
72075186229105881
72075186229105908
72075186229105950
72075186229105958
72075186229105969
72075186229105970
72075186229105971
72075186229105974
72075186229105975
72075186229105976
72075186229105977
72075186229105978
72075186229105979
72075186229105986
72075186229105987
72075186229109110
72075186229112654
72075186229112655
72075186229112656
72075186229112658
72075186229112740
72075186229112741
72075186229113634
72075186229113876
72075186229113877
72075186229114232
72075186229114236
72075186229114358
72075186229116543
72075186229136191
72075186229136337
72075186229145019
72075186229145020
72075186229148965
72075186229150579
72075186229150580
72075186229150977
72075186229151661
72075186229151662
72075186229151669
72075186229151670
72075186229152201
72075186229152202
72075186229152611
72075186229163507
72075186229180434
72075186229180435
72075186229194584
72075186229194585
72075186229199682
72075186229199683
72075186229200466
72075186229200472
72075186229223983
72075186229223984
72075186229223999
72075186229224007
72075186229224008
72075186229224013
72075186229224014
72075186229224015
72075186229224016
72075186229224019
72075186229224021
72075186229224023
72075186229224269
72075186229224271
72075186229226249
72075186229229512
72075186229229514
72075186229229591
72075186229229592
72075186229236236
72075186229237631
72075186229237632
72075186229245401
72075186229266422
72075186229272547
72075186229273075
72075186229273076
72075186229273279
72075186229273291
72075186229273513
72075186229273653
72075186229273654
72075186229274120
72075186229275186
72075186229280407
72075186229280410
72075186229281118
72075186229281119
72075186229281326
72075186229281782
72075186229282476
72075186229282882
72075186229283516
72075186229289338
72075186229289339
72075186229290094
72075186229290096
72075186229290097
72075186229290192
72075186229290194
72075186229290195
72075186229290884
72075186229290886
72075186229290887
72075186229291294
72075186229291295
72075186229291296
72075186229291297
72075186229291298
72075186229291299
72075186229293684
72075186229293685
72075186229293686
72075186229293687
72075186229298610
72075186229299187
72075186229300136
72075186229300724
72075186229307629
72075186229307695
72075186229307697
72075186229307698
72075186229308035
72075186229308265
72075186229308267
72075186229308563
72075186229308564
72075186229308565
72075186229309573
72075186229309574
72075186229349313
72075186229349979
72075186229351129
72075186229351943
72075186229351944
72075186229358504
72075186229358505
72075186229360544
72075186229360546
72075186229362002
72075186229374253
72075186229405309
72075186229412697
72075186229413463
72075186229413464
72075186229422115
72075186229424023
72075186229456432
72075186229456433
72075186229469325
72075186229483290
72075186229483291
72075186229483298
72075186229483299
72075186229517283
72075186229518337
72075186229518411
72075186229518412
72075186229576774
72075186229578382
72075186229578448
72075186229578450
72075186229589476
72075186229590710
72075186229600669
72075186229600670
72075186229600687
72075186229600688
72075186229616105
72075186229723651
72075186229723663
72075186229735247
72075186229767497
72075186229772349
72075186229777773
72075186229777775
72075186229777776
72075186229777797
72075186229777798
72075186229777799
72075186229777803
72075186229777804
72075186229800509
72075186229851187
72075186229851225
72075186229851226
72075186229851227
72075186229851228
72075186229851229
72075186229851231
72075186229851233
72075186229851235
72075186229851239
72075186229851241
72075186229851245
72075186229851246
72075186229870635
72075186229870636
72075186229905692
72075186229906057
72075186229908798
72075186229908806
72075186229908807
72075186229908808
72075186229908812
72075186229908820
72075186229908821
72075186229908822
72075186229908823
72075186229908824
72075186229908828
72075186229908874
72075186229908875
72075186229908898
72075186229908910
72075186229909016
72075186229909046
72075186229909047
72075186229909062
72075186229909168
72075186229909190
72075186229909191
72075186229909240
72075186229909241
72075186229922858
72075186229922859
72075186229932838
72075186229934464
72075186229934465
72075186229963166
72075186229963167
72075186229976691
72075186229976692
72075186229977283
72075186229977284
72075186229977769
72075186229977770
72075186230024042
72075186230024043
72075186230069591
72075186230069592
72075186230072131
72075186230076552
72075186230076553
72075186230080808
72075186230080976
72075186230080977
72075186230082156
72075186230082157
72075186230082166
72075186230082206
72075186230106373
72075186230106374
72075186230106389
72075186230120564
72075186230126208
72075186230126209
72075186230136996
72075186230142412
72075186230148404
72075186230154420
72075186230156986
72075186230156987
72075186230158201
72075186230158202
72075186230158209
72075186230159112
72075186230159177
72075186230160965
72075186230204081
72075186230222419
72075186230228735
72075186230228736
72075186230238691
72075186230238943
72075186230238944
72075186230278347
72075186230278348
72075186230289635
72075186230289685
72075186230289686
72075186230299964
72075186230302646
72075186230302647
72075186230310697
72075186230312063
72075186230324171
72075186230325719
72075186230339758
72075186230360185
72075186230372933
72075186230372934
72075186230386281
72075186230388807
72075186230388808
72075186230398515
72075186230398517
72075186230409993
72075186230409995
72075186230409996
72075186230467813
72075186230511538
72075186230511539
72075186230537890
72075186230550141
72075186230550142
72075186230551887
72075186230552935
72075186230565557
72075186230565558
72075186230565935
72075186230577101
72075186230577102
72075186230577219
72075186230577547
72075186230577548
72075186230603340
72075186230603341
72075186230604755
72075186230604823
72075186230606821
72075186230646757
72075186230646758
72075186230646805
72075186230657663
72075186230657781
72075186230658247
72075186230658249
72075186230658251
72075186230658279
72075186230660039
72075186230660041
72075186230660042
72075186230660189
72075186230660191
72075186230660533
72075186230660537
72075186230660538
72075186230660843
72075186230660905
72075186230669490
72075186230669494
72075186230671289
72075186230671369
72075186230672246
72075186230672270
72075186230672271
72075186230684416
72075186230684436
72075186230684698
72075186230684699
72075186230686114
72075186230695800
72075186230695900
72075186230698730
72075186230698731
72075186230698732
72075186230698733
72075186230698830
72075186230735696
72075186230735734
72075186230735735
72075186230745644
72075186230745723
72075186230745724
72075186230747900
72075186230757171
72075186230757172
72075186230757227
72075186230757538
72075186230757822
72075186230757876
72075186230760636
72075186230760637
72075186230760704
72075186230769319
72075186230770202
72075186230770203
72075186230852823
72075186230852824
72075186230860445
72075186230861892
72075186230874162
72075186230874163
72075186230874758
72075186230874760
72075186230874918
72075186230874919
72075186230874920
72075186230874921
72075186230874922
72075186230874923
72075186230874924
72075186230874926
72075186230874927
72075186230895679
72075186230895680
72075186230909025
72075186230909026
72075186230909065
72075186230909066
72075186230909069
72075186230912145
72075186230938507
72075186230948075
72075186230948076
72075186230948125
72075186230948126
72075186230950732
72075186230950733
72075186230986611
72075186231015431
72075186231015432
72075186231016186
72075186231016188
72075186231016189
72075186231037788
72075186231037789
72075186231037838
72075186231038208
72075186231038209
72075186231047585
72075186231052771
72075186231052772
72075186231052773
72075186231052775
72075186231088874
72075186231088875
72075186231088876
72075186231088877
72075186231103589
72075186231103590
72075186231106588
72075186231106589
72075186231106590
72075186231106591
72075186231180474
72075186231183388
72075186231194342
72075186231194343
72075186231194344
72075186231194345
72075186231202227
72075186231202228
72075186231202229
72075186231202230
72075186231215584
72075186231215998
72075186231215999
72075186231220314
72075186231220315
72075186231221936
72075186231243184
72075186231271006
72075186231271007
72075186231281684
72075186231281685
72075186231283471
72075186231283473
72075186231283481
72075186231283515
72075186231283516
72075186231285814
72075186231291057
72075186231304784
72075186231304785
72075186231304886
72075186231305044
72075186231306462
72075186231306463
72075186231314925
72075186231314931
72075186231314932
72075186231314933
72075186231315051
72075186231315926
72075186231376275
72075186231381082
72075186231381083
72075186231389504
72075186231389508
72075186231389617
72075186231390071
72075186231390209
72075186231390211
72075186231390529
72075186231390530
72075186231390987
72075186231390988
72075186231391010
72075186231394030
72075186231408054
72075186231408114
72075186231408115
72075186231409943
72075186231418827
72075186231418828
72075186231426597
72075186231426598
72075186231431660
72075186231431661
72075186231446930
72075186231446931
72075186231446948
72075186231499383
72075186231507760
72075186231507761
72075186231507762
72075186231507768
72075186231507769
72075186231507770
72075186231520806
72075186231539741
72075186231539742
72075186231582636
72075186231582638
72075186231603421
72075186231603422
72075186231603425
72075186231604107
72075186231604108
72075186231604121
72075186231608227
72075186231608228
72075186231622416
72075186231656401
72075186231656405
72075186231734822
72075186231738567
72075186231738568
72075186231752222
72075186231768880
72075186231768886
72075186231768914
72075186231768915
72075186231768932
72075186231768950
72075186231768951
72075186231769038
72075186231769039
72075186231769060
72075186231769061
72075186231769102
72075186231769370
72075186231769371
72075186231769414
72075186231769470
72075186231769480
72075186231769481
72075186231769484
72075186231769610
72075186231769652
72075186231769726
72075186231769788
72075186231769846
72075186231769896
72075186231769920
72075186231769921
72075186231769974
72075186231769975
72075186231770064
72075186231770096
72075186231770097
72075186231770126
72075186231770127
72075186231770182
72075186231770183
72075186231770196
72075186231770197
72075186231770240
72075186231770276
72075186231770277
72075186231782443
72075186231782444
72075186231832300
72075186231834724
72075186231836845
72075186231836846
72075186231848343
72075186231848344
72075186231852411
72075186231852413
72075186231852414
72075186231854187
72075186231866319
72075186231867139
72075186231867140
72075186231869047
72075186231869048
72075186231869127
72075186231870092
72075186231871547
72075186231882547
72075186231883212
72075186231883213
72075186231883625
72075186231883626
72075186231883627
72075186231888905
72075186231888906
72075186231890623
72075186231897775
72075186231897776
72075186231946524
72075186231946998
72075186231946999
72075186231947392
72075186231947393
72075186231960388
72075186231962242
72075186231962258
72075186231962259
72075186231964547
72075186231964548
72075186231964863
72075186231964864
72075186231968653
72075186231968654
72075186231968655
72075186231968656
72075186231968669
72075186231968670
72075186231974157
72075186231975032
72075186231977138
72075186231977139
72075186231978006
72075186231997101
72075186232015215
72075186232015216
72075186232015699
72075186232015702
72075186232015703
72075186232016199
72075186232016200
72075186232030456
72075186232030457
72075186232032705
72075186232045458
72075186232045459
72075186232045460
72075186232047366
72075186232047464
72075186232074155
72075186232074768
72075186232074770
72075186232074771
72075186232087008
72075186232087009
72075186232089161
72075186232089162
72075186232102344
72075186232104295
72075186232104297
72075186232147658
72075186232147659
72075186232177212
72075186232177213
72075186232194885
72075186232194887
72075186232195874
72075186232253906
72075186232253908
72075186232271259
72075186232271260
72075186232283580
72075186232314857
72075186232342125
72075186232345825
72075186232345826
72075186232345827
72075186232352533
72075186232355787
72075186232359663
72075186232359667
72075186232359668
72075186232359669
72075186232359670
72075186232360268
72075186232360270
72075186232360274
72075186232360275
72075186233414505
72075186233414506
72075186233418478
72075186233434118
72075186233435698
72075186233435760
72075186233435761
72075186233437361
72075186233437465
72075186233437497
72075186233437515
72075186233437587
72075186233437588
72075186233448191
72075186233448193
72075186233448194
72075186233448665
72075186233448666
72075186233449098
72075186233449101
72075186233449180
72075186233451742
72075186233462603
72075186233465074
72075186233465998
72075186233467197
72075186233467198
72075186233467200
72075186233467201
72075186233467202
72075186233467237
72075186233467238
72075186233473081
72075186233473082
72075186233497668
72075186233500751
72075186233511645
72075186233511837
72075186233511915
72075186233511916
72075186233514287
72075186233516784
72075186233525779
72075186233525780
72075186233528938
72075186233528939
72075186233530157
72075186233530880
72075186233530881
72075186233545381
72075186233545382
72075186233546314
72075186233557711
72075186233560143
72075186233560144
72075186233560146
72075186233560147
72075186233560148
72075186233574486
72075186233574487
72075186233574488
72075186233574492
72075186233574493
72075186233576558
72075186233614416
72075186233614417
72075186233618115
72075186233618116
72075186233629065
72075186233629066
72075186233629067
72075186233629068
72075186233630460
72075186233630461
72075186233630585
72075186233630586
72075186233630909
72075186233630933
72075186233631023
72075186233631024
72075186233631085
72075186233631086
72075186233631161
72075186233631215
72075186233631413
72075186233631705
72075186233634611
72075186233647553
72075186233649841
72075186233649842
72075186233650991
72075186233651123
72075186233651355
72075186233651358
72075186233656150
72075186233656151
72075186233663105
72075186233663106
72075186233665794
72075186233665795
72075186233682730
72075186233686939
72075186233686940
72075186233714102
72075186233714103
72075186233728337
72075186233728532
72075186233728533
72075186233728570
72075186233728571
72075186233728572
72075186233728665
72075186233728716
72075186233728717
72075186233728718
72075186233729424
72075186233729429
72075186233730927
72075186233730928
72075186233733760
72075186233733761
72075186233747418
72075186233749028
72075186233749029
72075186233749570
72075186233749729
72075186233749730
72075186233752217
72075186233752218
72075186233752219
72075186233752970
72075186233752971
72075186233752976
72075186233753647
72075186233754751
72075186233754752
72075186233754869
72075186233754879
72075186233754883
72075186233754884
72075186233755149
72075186233756870
72075186233756871
72075186233757628
72075186233757805
72075186233758331
72075186233758332
72075186233759872
72075186233762044
72075186233762045
72075186233762182
72075186233762211
72075186233762243
72075186233768173
72075186233774660
72075186233780765
72075186233783931
72075186233783932
72075186233798408
72075186233798409
72075186233801310
72075186233802107
72075186233802108
72075186233804444
72075186233853401
72075186233855589
72075186233856467
72075186233857320
72075186233859629
72075186233859630
72075186233859978
72075186233859979
72075186233870675
72075186233876349
72075186233877625
72075186233877626
72075186233892899
72075186233892900
72075186233892901
72075186233892903
72075186233894119
72075186233894120
72075186233908072
72075186233909340
72075186233958843
72075186233977214
72075186234078893
72075186234090845
72075186234093138
72075186234108354
72075186234110046
72075186234110048
72075186234110049
72075186234111300
72075186234111302
72075186234146077
72075186234151080
72075186234151081
72075186234151083
72075186234160915
72075186234214945
72075186234224725
72075186234224729
72075186234225737
72075186234235838
72075186234239989
72075186234241394
72075186234241396
72075186234241398
72075186234241526
72075186234241528
72075186234241531
72075186234242105
72075186234244581
72075186234244582
72075186234245379
72075186234246150
72075186234246151
72075186234246975
72075186234246977
72075186234246979
72075186234258972
72075186234261186
72075186234262854
72075186234271643
72075186234274500
72075186234293176
72075186234293471
72075186234293478
72075186234293483
72075186234293487
72075186234293551
72075186234293556
72075186234324378
72075186234331371
72075186234339945
72075186234339959
72075186234339960
72075186234340021
72075186234370933
72075186234370934
72075186234370935
72075186234371904
72075186234371905
72075186234386353
72075186234390215
72075186234390217
72075186234390219
72075186234390220
72075186234390307
72075186234446470
72075186234447585
72075186234447586
72075186234447587
72075186234448124
72075186234449906
72075186234451825
72075186234462863
72075186234463098
72075186234463210
72075186234463211
72075186234482241
72075186234482242
72075186234482391
72075186234482392
72075186234482547
72075186234499318
72075186234499393
72075186234500024
72075186234500276
72075186234500277
72075186234527124
72075186234527125
72075186234582728
72075186234582729
72075186234595283
72075186234595285
72075186234595288
72075186234596687
72075186234598524
72075186234611633
72075186234611634
72075186234611749
72075186234611750
72075186234624558
72075186234624559
72075186234645782
72075186234648962
72075186234649011
72075186234649284
72075186234649733
72075186234649734
72075186234662039
72075186234662040
72075186234670957
72075186234670958
72075186234677568
72075186234686546
72075186234687284
72075186234687292
72075186234688446
72075186234688486
72075186234688487
72075186234694973
72075186234706280
72075186234727455
72075186234733240
72075186234733241
72075186234733242
72075186234742778
72075186234784181
72075186234814959
72075186234814960
72075186234823650
72075186234824947
72075186234824948
72075186234827878
72075186234827879
72075186234827888
72075186234827892
72075186234827907
72075186234840495
72075186234842400
72075186234849846
72075186234853328
72075186234866114
72075186234866115
72075186234912946
72075186234912947
72075186234913036
72075186234915020
72075186234915021
72075186234923382
72075186234923383
72075186234924274
72075186234933669
72075186234973233
72075186234973275
72075186234973281
72075186234982161
72075186234982165
72075186234982686
72075186234985609
72075186234995626
72075186234995630
72075186234995918
72075186234995919
72075186234995920
72075186234995948
72075186234995954
72075186234995955
72075186234996127
72075186234996133
72075186234996135
72075186234996136
72075186234996668
72075186234996669
72075186234996670
72075186234997989
72075186234997990
72075186235015259
72075186235015271
72075186235015310
72075186235057446
72075186235059713
72075186235059716
72075186235059740
72075186235059747
72075186235070746
72075186235095547
72075186235104944
72075186235105134
72075186235105135
72075186235105136
72075186235121003
72075186235121004
72075186235142039
72075186235144330
72075186235144679
72075186235146043
72075186235146044
72075186235146045
72075186235146609
72075186235154452
72075186235154453
72075186235154469
72075186235155129
72075186235156112
72075186235156128
72075186235156129
72075186235165901
72075186235165929
72075186235166368
72075186235166692
72075186235168732
72075186235171068
72075186235176543
72075186235182265
72075186235186821
72075186235186938
72075186235186939
72075186235189156
72075186235192745
72075186235240650
72075186235241402
72075186235241403
72075186235242560
72075186235253864
72075186235255813
72075186235255814
72075186235256442
72075186235256454
72075186235258831
72075186235260714
72075186235269104
72075186235269105
72075186235269120
72075186235277946
72075186235314959
72075186235314960
72075186235323398
72075186235323574
72075186235326317
72075186235326752
72075186235326753
72075186235328606
72075186235328609
72075186235329200
72075186235330476
72075186235330477
72075186235330478
72075186235330479
72075186235330904
72075186235335328
72075186235336813
72075186235336814
72075186235336863
72075186235336864
72075186235336937
72075186235336940
72075186235337084
72075186235338143
72075186235338144
72075186235340591
72075186235340592
72075186235344433
72075186235344434
72075186235346050
72075186235346062
72075186235350101
72075186235350102
72075186235353604
72075186235353605
72075186235356428
72075186235360803
72075186235360804
72075186235360809
72075186235361074
72075186235361075
72075186235361076
72075186235361078
72075186235361119
72075186235361759
72075186235365216
72075186235367630
72075186235395898
72075186235395899
72075186235398047
72075186235399602
72075186235399603
72075186235403935
72075186235403936
72075186235409202
72075186235410913
72075186235411254
72075186235411257
72075186235411284
72075186235413525
72075186235413730
72075186235413731
72075186235414945
72075186235422859
72075186235422860
72075186235432798
72075186235432799
72075186235433622
72075186235443432
72075186235444464
72075186235444656
72075186235444657
72075186235445201
72075186235446402
72075186235449190
72075186235449235
72075186235449240
72075186235449265
72075186235449386
72075186235449387
72075186235450603
72075186235450604
72075186235476496
72075186235476497
72075186235476498
72075186235476499
72075186235476509
72075186235476792
72075186235478255
72075186235479700
72075186235486603
72075186235486608
72075186235486609
72075186235486610
72075186235516032
72075186235516341
72075186235516342
72075186235516474
72075186235516500
72075186235524509
72075186235588800
72075186235588801
72075186235599893
72075186235611368
72075186235611372
72075186235611376
72075186235611377
72075186235611378
72075186235611380
72075186235611384
72075186235611388
72075186235611389
72075186235611390
72075186235611392
72075186235611396
72075186235611400
72075186235611401
72075186235611402
72075186235611403
72075186235611405
72075186235611408
72075186235611486
72075186235611487
72075186235611488
72075186235611490
72075186235611492
72075186235611498
72075186235611499
72075186235611500
72075186235611502
72075186235611505
72075186235611510
72075186235611511
72075186235611512
72075186235611514
72075186235611517
72075186235611524
72075186235611525
72075186235611527
72075186235611530
72075186235611535
72075186235611536
72075186235611537
72075186235611539
72075186235611542
72075186235611547
72075186235611548
72075186235611549
72075186235611604
72075186235611606
72075186235611608
72075186235613453
72075186235626151
72075186235633695
72075186235633696
72075186235633699
72075186235666367
72075186235673213
72075186235673215
72075186235673218
72075186235681641
72075186235681642
72075186235681655
72075186235685164
72075186235687402
72075186235687403
72075186235697557
72075186235699687
72075186235699996
72075186235699999
72075186235700003
72075186235730040
72075186235734958
72075186235739093
72075186235739095
72075186235757547
72075186235759894
72075186235760621
72075186235761567
72075186235762853
72075186235769692
72075186235769766
72075186235769767
72075186235771063
72075186235771064
72075186235776827
72075186235776828
72075186235777009
72075186235777040
72075186235777376
72075186235777464
72075186235777465
72075186235777467
72075186235777513
72075186235777532
72075186235777540
72075186235777541
72075186235777554
72075186235777555
72075186235777570
72075186235777571
72075186235777619
72075186235777622
72075186235777623
72075186235777625
72075186235777650
72075186235777651
72075186235777652
72075186235777654
72075186235777659
72075186235777665
72075186235777685
72075186235777714
72075186235777715
72075186235777719
72075186235777793
72075186235777795
72075186235777807
72075186235777808
72075186235777855
72075186235777856
72075186235777948
72075186235777961
72075186235777962
72075186235777965
72075186235787559
72075186235787739
72075186235791839
72075186235791859
72075186235791877
72075186235791887
72075186235791888
72075186235792009
72075186235792010
72075186235792113
72075186235792336
72075186235792394
72075186235792848
72075186235792905
72075186235793049
72075186235793060
72075186235793775
72075186235794282
72075186235794464
72075186235794636
72075186235794778
72075186235794779
72075186235794943
72075186235794944
72075186235795278
72075186235795279
72075186235795797
72075186235795929
72075186235795994
72075186235796157
72075186235796253
72075186235796408
72075186235796453
72075186235796682
72075186235796696
72075186235796697
72075186235796730
72075186235796731
72075186235796870
72075186235796871
72075186235797371
72075186235797690
72075186235797691
72075186235797710
72075186235797768
72075186235797924
72075186235797963
72075186235798430
72075186235798450
72075186235798492
72075186235798507
72075186235798508
72075186235798671
72075186235798672
72075186235798860
72075186235798950
72075186235799021
72075186235799022
72075186235800677
72075186235800678
72075186235822109
72075186235822110
72075186235822115
72075186235825657
72075186235825658
72075186235826104
72075186235826128
72075186235828200
72075186235834460
72075186235834461
72075186235834840
72075186235834841
72075186235834842
72075186235834845
72075186235834850
72075186235835254
72075186235835255
72075186235835270
72075186235835271
72075186235835353
72075186235835355
72075186235835357
72075186235835728
72075186235835947
72075186235836035
72075186235836616
72075186235837119
72075186235837129
72075186235837159
72075186235837175
72075186235837460
72075186235837461
72075186235838406
72075186235838426
72075186235838583
72075186235838646
72075186235838647
72075186235838698
72075186235847519
72075186235847688
72075186235850304
72075186235850305
72075186235856756
72075186235859793
72075186235870137
72075186235874910
72075186235874914
72075186235874942
72075186235874943
72075186235884777
72075186235884778
72075186235887523
72075186235905131
72075186235908152
72075186235908153
72075186235908649
72075186235908733
72075186235908734
72075186235908874
72075186235912136
72075186235922474
72075186235922477
72075186235922478
72075186235922673
72075186235923303
72075186235923308
72075186235923309
72075186235923310
72075186235923347
72075186235923349
72075186235923353
72075186235923972
72075186235923973
72075186235931909
72075186235934100
72075186235934104
72075186235935707
72075186235936198
72075186235936375
72075186235936753
72075186235937303
72075186235937320
72075186235937321
72075186235937342
72075186235937358
72075186235938346
72075186235938364
72075186235938389
72075186235939418
72075186235939578
72075186235939579
72075186235940339
72075186235945593
72075186235945594
72075186235949591
72075186235949592
72075186235959963
72075186235959964
72075186235959965
72075186235959968
72075186235961077
72075186235962182
72075186235962187
72075186235993116
72075186235993117
72075186235993755
72075186235993756
72075186235997072
72075186235997078
72075186235997079
72075186235997160
72075186235997161
72075186235998266
72075186235999944
72075186235999945
72075186236006868
72075186236009306
72075186236009307
72075186236009876
72075186236009934
72075186236010957
72075186236011041
72075186236012100
72075186236012104
72075186236012214
72075186236012215
72075186236012216
72075186236012217
72075186236023115
72075186236023119
72075186236025175
72075186236025281
72075186236025317
72075186236025437
72075186236025438
72075186236025545
72075186236025757
72075186236040425
72075186236040854
72075186236041525
72075186236041526
72075186236042602
72075186236051339
72075186236055292
72075186236056897
72075186236056898
72075186236063191
72075186236066879
72075186236067063
72075186236068854
72075186236068855
72075186236088631
72075186236088632
72075186236088636
72075186236093155
72075186236094159
72075186236094160
72075186236103109
72075186236103110
72075186236116658
72075186236120405
72075186236120406
72075186236125141
72075186236125142
72075186236125143
72075186236125209
72075186236126279
72075186236126280
72075186236126502
72075186236127850
72075186236129257
72075186236129258
72075186236129898
72075186236130566
72075186236130567
72075186236130581
72075186236136662
72075186236136663
72075186236139362
72075186236139363
72075186236139515
72075186236139775
72075186236140677
72075186236142311
72075186236145943
72075186236151663
72075186236151664
72075186236154361
72075186236157771
72075186236157772
72075186236160606
72075186236160607
72075186236162571
72075186236162626
72075186236162627
72075186236163377
72075186236169646
72075186236172345
72075186236172346
72075186236176195
72075186236176547
72075186236176548
72075186236176646
72075186236177510
72075186236181310
72075186236186412
72075186236186771
72075186236186772
72075186236187262
72075186236187345
72075186236187346
72075186236187914
72075186236187915
72075186236188100
72075186236189459
72075186236189463
72075186236189464
72075186236196421
72075186236196877
72075186236196881
72075186236196893
72075186236196894
72075186236196899
72075186236196909
72075186236197633
72075186236197634
72075186236198269
72075186236200577
72075186236200581
72075186236200665
72075186236200666
72075186236201862
72075186236207442
72075186236210245
72075186236210249
72075186236210313
72075186236210319
72075186236210320
72075186236210337
72075186236210338
72075186236210358
72075186236210614
72075186236210619
72075186236210620
72075186236210629
72075186236210636
72075186236210830
72075186236211177
72075186236211231
72075186236211232
72075186236211461
72075186236211472
72075186236211897
72075186236211912
72075186236212261
72075186236212264
72075186236213092
72075186236213465
72075186236213466
72075186236213580
72075186236213645
72075186236213992
72075186236214010
72075186236214022
72075186236214023
72075186236214024
72075186236214300
72075186236214301
72075186236214302
72075186236214884
72075186236215246
72075186236215247
72075186236215276
72075186236215290
72075186236225089
72075186236225744
72075186236225764
72075186236226036
72075186236226068
72075186236226087
72075186236226538
72075186236227595
72075186236227603
72075186236227604
72075186236227605
72075186236227606
72075186236227609
72075186236227614
72075186236227622
72075186236235466
72075186236235467
72075186236238514
72075186236239278
72075186236239731
72075186236240900
72075186236240942
72075186236240943
72075186236264105
72075186236264106
72075186236264994
72075186236265658
72075186236265659
72075186236266098
72075186236266100
72075186236266507
72075186236266508
72075186236266762
72075186236266802
72075186236266803
72075186236266804
72075186236267093
72075186236267098
72075186236267545
72075186236267552
72075186236267930
72075186236267978
72075186236267979
72075186236268090
72075186236268275
72075186236268283
72075186236268284
72075186236268302
72075186236269378
72075186236269379
72075186236269480
72075186236269504
72075186236269505
72075186236269518
72075186236269519
72075186236269872
72075186236269873
72075186236269881
72075186236273043
72075186236273514
72075186236275871
72075186236275893
72075186236275894
72075186236275895
72075186236275896
72075186236277771
72075186236278182
72075186236278183
72075186236278188
72075186236279628
72075186236279635
72075186236280252
72075186236280253
72075186236280629
72075186236280934
72075186236281484
72075186236281494
72075186236281944
72075186236281946
72075186236282108
72075186236282299
72075186236282340
72075186236282578
72075186236282579
72075186236282580
72075186236282581
72075186236283533
72075186236283534
72075186236283976
72075186236284151
72075186236284152
72075186236284154
72075186236293421
72075186236294633
72075186236294634
72075186236294847
72075186236296214
72075186236296385
72075186236296845
72075186236296846
72075186236297213
72075186236297762
72075186236297763
72075186236299532
72075186236306803
72075186236307007
72075186236307042
72075186236307043
72075186236307047
72075186236308201
72075186236308244
72075186236308245
72075186236308301
72075186236308366
72075186236308447
72075186236308566
72075186236309549
72075186236309632
72075186236309898
72075186236309952
72075186236309992
72075186236309993
72075186236309996
72075186236310839
72075186236310848
72075186236310849
72075186236310850
72075186236310851
72075186236310854
72075186236310859
72075186236310866
72075186236310867
72075186236310868
72075186236310869
72075186236310898
72075186236310899
72075186236310900
72075186236310901
72075186236310962
72075186236310963
72075186236310982
72075186236310983
72075186236310984
72075186236311002
72075186236311003
72075186236311004
72075186236311007
72075186236311012
72075186236311020
72075186236311021
72075186236311022
72075186236311023
72075186236311035
72075186236311036
72075186236311037
72075186236311130
72075186236311131
72075186236311139
72075186236311160
72075186236311172
72075186236311180
72075186236311190
72075186236311368
72075186236311369
72075186236311406
72075186236311852
72075186236311885
72075186236312461
72075186236313778
72075186236315182
72075186236315183
72075186236315184
72075186236319101
72075186236319786
72075186236319787
72075186236322283
72075186236322284
72075186236322363
72075186236322380
72075186236322399
72075186236322400
72075186236322806
72075186236322813
72075186236322825
72075186236322859
72075186236323033
72075186236323103
72075186236323104
72075186236323586
72075186236324256
72075186236324681
72075186236325154
72075186236325157
72075186236325158
72075186236325159
72075186236325167
72075186236325175
72075186236325176
72075186236325177
72075186236325178
72075186236325181
72075186236325186
72075186236325195
72075186236325196
72075186236325491
72075186236325492
72075186236325538
72075186236325552
72075186236326307
72075186236327312
72075186236327319
72075186236337054
72075186236337055
72075186236337056
72075186236337057
72075186236337333
72075186236337334
72075186236337341
72075186236339121
72075186236339676
72075186236349316
72075186236349346
72075186236349347
72075186236351551
72075186236362042
72075186236362433
72075186236362434
72075186236362459
72075186236365365
72075186236366215
72075186236366690
72075186236366722
72075186236366723
72075186236366726
72075186236366869
72075186236371798
72075186236374256
72075186236375136
72075186236375711
72075186236375773
72075186236376426
72075186236376507
72075186236376508
72075186236376566
72075186236376665
72075186236376921
72075186236377369
72075186236377982
72075186236379412
72075186236380259
72075186236380260
72075186236380497
72075186236381260
72075186236381270
72075186236381271
72075186236381312
72075186236386763
72075186236386764
72075186236387299
72075186236388590
72075186236388766
72075186236388767
72075186236389411
72075186236389412
72075186236390036
72075186236390406
72075186236390407
72075186236390426
72075186236390470
72075186236390471
72075186236390474
72075186236390487
72075186236390488
72075186236390489
72075186236390525
72075186236390914
72075186236390946
72075186236390948
72075186236390966
72075186236391090
72075186236391091
72075186236391248
72075186236391249
72075186236391252
72075186236391254
72075186236391265
72075186236391769
72075186236391874
72075186236392113
72075186236392114
72075186236392173
72075186236392185
72075186236392275
72075186236392443
72075186236392554
72075186236392773
72075186236392814
72075186236392891
72075186236393882
72075186236393883
72075186236394165
72075186236394278
72075186236395360
72075186236395407
72075186236396111
72075186236396124
72075186236396129
72075186236396130
72075186236398363
72075186236399377
72075186236400091
72075186236401987
72075186236402022
72075186236402119
72075186236402120
72075186236402192
72075186236402464
72075186236402499
72075186236402512
72075186236402522
72075186236402523
72075186236402524
72075186236402525
72075186236402642
72075186236402668
72075186236402669
72075186236402715
72075186236402761
72075186236402804
72075186236402868
72075186236403077
72075186236403216
72075186236403217
72075186236403219
72075186236403736
72075186236403737
72075186236403799
72075186236403800
72075186236403825
72075186236403897
72075186236404117
72075186236404135
72075186236404136
72075186236404312
72075186236404609
72075186236404649
72075186236404650
72075186236404737
72075186236405202
72075186236405497
72075186236405498
72075186236405721
72075186236405727
72075186236405728
72075186236405772
72075186236405773
72075186236405806
72075186236405954
72075186236405955
72075186236406194
72075186236406195
72075186236406197
72075186236406200
72075186236406205
72075186236406212
72075186236406217
72075186236406218
72075186236406219
72075186236406394
72075186236406422
72075186236406423
72075186236406538
72075186236406587
72075186236406594
72075186236406595
72075186236407002
72075186236407053
72075186236407142
72075186236407144
72075186236407496
72075186236407497
72075186236407556
72075186236407625
72075186236407638
72075186236407648
72075186236407649
72075186236407668
72075186236407669
72075186236407751
72075186236407752
72075186236407762
72075186236407885
72075186236408018
72075186236408021
72075186236408345
72075186236408495
72075186236408543
72075186236408559
72075186236408560
72075186236408567
72075186236408623
72075186236408624
72075186236408933
72075186236409081
72075186236409089
72075186236409090
72075186236409091
72075186236409097
72075186236409181
72075186236409182
72075186236409197
72075186236409198
72075186236409247
72075186236409334
72075186236409335
72075186236412128
72075186236412568
72075186236412569
72075186236412570
72075186236412710
72075186236412754
72075186236412829
72075186236412835
72075186236412847
72075186236413275
72075186236413276
72075186236413310
72075186236413328
72075186236413381
72075186236413383
72075186236413389
72075186236413397
72075186236413485
72075186236413486
72075186236413488
72075186236413531
72075186236413641
72075186236413976
72075186236414016
72075186236414017
72075186236414071
72075186236414072
72075186236414151
72075186236414180
72075186236414192
72075186236414193
72075186236414328
72075186236414435
72075186236414465
72075186236414500
72075186236414597
72075186236414599
72075186236414682
72075186236414683
72075186236414722
72075186236414804
72075186236414808
72075186236414829
72075186236415736
72075186236415837
72075186236415838
72075186236415879
72075186236415900
72075186236415901
72075186236416080
72075186236416100
72075186236416153
72075186236416242
72075186236416372
72075186236416385
72075186236416458
72075186236416459
72075186236416469
72075186236416473
72075186236416501
72075186236416620
72075186236416637
72075186236416662
72075186236416663
72075186236416670
72075186236416699
72075186236416707
72075186236416708
72075186236416709
72075186236416711
72075186236416714
72075186236416736
72075186236416837
72075186236416838
72075186236416842
72075186236416880
72075186236416946
72075186236416961
72075186236416962
72075186236416966
72075186236416969
72075186236416978
72075186236416979
72075186236416996
72075186236417006
72075186236417007
72075186236417010
72075186236417059
72075186236417084
72075186236417085
72075186236417086
72075186236417088
72075186236417091
72075186236417113
72075186236417114
72075186236417117
72075186236417130
72075186236417141
72075186236417151
72075186236417152
72075186236417159
72075186236417176
72075186236417177
72075186236417218
72075186236417225
72075186236417226
72075186236417227
72075186236417252
72075186236417285
72075186236417297
72075186236417298
72075186236417306
72075186236417315
72075186236417317
72075186236417322
72075186236417333
72075186236417339
72075186236417347
72075186236417348
72075186236417426
72075186236417446
72075186236417447
72075186236417489
72075186236417501
72075186236417502
72075186236417513
72075186236417514
72075186236417517
72075186236417519
72075186236417522
72075186236417527
72075186236417528
72075186236417529
72075186236417531
72075186236417548
72075186236417600
72075186236417604
72075186236417622
72075186236417631
72075186236417633
72075186236417637
72075186236417670
72075186236417736
72075186236417803
72075186236417823
72075186236417834
72075186236417837
72075186236417842
72075186236417843
72075186236417844
72075186236417846
72075186236417849
72075186236417855
72075186236417859
72075186236417864
72075186236417869
72075186236417875
72075186236417876
72075186236417877
72075186236417938
72075186236417950
72075186236417951
72075186236417952
72075186236417954
72075186236417956
72075186236417970
72075186236417972
72075186236417974
72075186236417980
72075186236417981
72075186236417999
72075186236418000
72075186236418001
72075186236418004
72075186236418009
72075186236418017
72075186236418018
72075186236418019
72075186236418020
72075186236418023
72075186236418027
72075186236418033
72075186236418034
72075186236418035
72075186236418036
72075186236418037
72075186236418040
72075186236418045
72075186236418053
72075186236418054
72075186236418055
72075186236418056
72075186236418059
72075186236418064
72075186236418071
72075186236418074
72075186236418075
72075186236418078
72075186236418082
72075186236418090
72075186236418091
72075186236418092
72075186236418093
72075186236418094
72075186236418097
72075186236418102
72075186236418107
72075186236418108
72075186236418109
72075186236418111
72075186236418115
72075186236418121
72075186236418122
72075186236418125
72075186236418126
72075186236418134
72075186236418142
72075186236418143
72075186236418144
72075186236418145
72075186236418148
72075186236418153
72075186236418162
72075186236418163
72075186236418164
72075186236418165
72075186236418166
72075186236418169
72075186236418180
72075186236418181
72075186236418182
72075186236418183
72075186236418187
72075186236418191
72075186236418199
72075186236418200
72075186236418201
72075186236418202
72075186236418203
72075186236418205
72075186236418209
72075186236418215
72075186236418216
72075186236418217
72075186236418218
72075186236418219
72075186236418221
72075186236418224
72075186236418230
72075186236418231
72075186236418232
72075186236418233
72075186236418236
72075186236418246
72075186236418247
72075186236418248
72075186236418249
72075186236418252
72075186236418257
72075186236418263
72075186236418264
72075186236418265
72075186236418266
72075186236418267
72075186236418269
72075186236418279
72075186236418280
72075186236418281
72075186236418283
72075186236418284
72075186236418287
72075186236418294
72075186236418295
72075186236418296
72075186236418299
72075186236418304
72075186236418311
72075186236418312
72075186236418313
72075186236418314
72075186236418317
72075186236418321
72075186236418329
72075186236418330
72075186236418331
72075186236418332
72075186236418335
72075186236418340
72075186236418347
72075186236418348
72075186236418349
72075186236418352
72075186236418355
72075186236418361
72075186236418363
72075186236418364
72075186236418365
72075186236418367
72075186236418372
72075186236418378
72075186236418379
72075186236418380
72075186236418381
72075186236418385
72075186236418389
72075186236418397
72075186236418400
72075186236418405
72075186236418413
72075186236418414
72075186236418415
72075186236418417
72075186236418423
72075186236418430
72075186236418431
72075186236418432
72075186236418434
72075186236418437
72075186236418443
72075186236418444
72075186236418449
72075186236418453
72075186236418461
72075186236418462
72075186236418465
72075186236418466
72075186236418468
72075186236418473
72075186236418479
72075186236418480
72075186236418481
72075186236418482
72075186236418483
72075186236418486
72075186236418490
72075186236418497
72075186236418498
72075186236418499
72075186236418501
72075186236418505
72075186236418518
72075186236418519
72075186236418520
72075186236418521
72075186236418523
72075186236418526
72075186236418533
72075186236418534
72075186236418535
72075186236418536
72075186236418540
72075186236418544
72075186236418551
72075186236418552
72075186236418553
72075186236418556
72075186236418568
72075186236418569
72075186236418570
72075186236418571
72075186236418574
72075186236418579
72075186236418584
72075186236418586
72075186236418587
72075186236418588
72075186236418591
72075186236418596
72075186236418603
72075186236418604
72075186236418605
72075186236418606
72075186236418608
72075186236418611
72075186236418617
72075186236418618
72075186236418619
72075186236418620
72075186236418621
72075186236418624
72075186236418629
72075186236418635
72075186236418636
72075186236418637
72075186236418638
72075186236418639
72075186236418640
72075186236418644
72075186236418652
72075186236418653
72075186236418654
72075186236418655
72075186236418658
72075186236418663
72075186236418671
72075186236418672
72075186236418673
72075186236418674
72075186236418678
72075186236418687
72075186236418688
72075186236418689
72075186236418690
72075186236418691
72075186236418693
72075186236418696
72075186236418703
72075186236418704
72075186236418705
72075186236418711
72075186236418715
72075186236418717
72075186236418718
72075186236418719
72075186236418720
72075186236418721
72075186236418723
72075186236418729
72075186236418738
72075186236418739
72075186236418740
72075186236418741
72075186236418743
72075186236418747
72075186236418753
72075186236418754
72075186236418755
72075186236418758
72075186236418770
72075186236418771
72075186236418772
72075186236418773
72075186236418776
72075186236418781
72075186236418789
72075186236418790
72075186236418791
72075186236418792
72075186236418795
72075186236418797
72075186236418801
72075186236418807
72075186236418808
72075186236418809
72075186236418810
72075186236418811
72075186236418814
72075186236418818
72075186236418825
72075186236418826
72075186236418827
72075186236418828
72075186236418829
72075186236418832
