72075186224620900
72075186224703604
72075186224791483
72075186225046916
72075186225090006
72075186225206848
72075186225272511
72075186225348110
72075186225372471
72075186225463666
72075186225692359
72075186225713492
72075186225781297
72075186225897172
72075186225939385
72075186225943750
72075186226044231
72075186226184357
72075186226200338
72075186226423395
72075186226442178
72075186227168478
72075186227516967
72075186227560582
72075186227565560
72075186227575573
72075186227581110
72075186227591169
72075186227600460
72075186227608021
72075186227636429
72075186227638808
72075186227657384
72075186227659196
72075186227665618
72075186227681154
72075186227683192
72075186227714426
72075186227722434
72075186227724130
72075186227728064
72075186227728932
72075186227730842
72075186227743915
72075186227750369
72075186227752457
72075186227752683
72075186227753149
72075186227758914
72075186227782496
72075186227794057
72075186227796311
72075186227797527
72075186227811759
72075186227817972
72075186227840449
72075186227857585
72075186227857871
72075186227867505
72075186227869341
72075186227874982
72075186227891977
72075186227901097
72075186227909875
72075186227910648
72075186227915462
72075186227915464
72075186227928631
72075186227934489
72075186227949537
72075186227957386
72075186227970373
72075186227980276
72075186227986723
72075186227990254
72075186227992748
72075186227993032
72075186227993036
72075186228033769
72075186228085294
72075186228093889
72075186228119041
72075186228125051
72075186228136237
72075186228168260
72075186228174094
72075186227442514
72075186227390628
