9997	9997
9996	9996
9995	9995
9994	9994
9993	9993
9992	9992
9991	9991
9990	9990
9984	9984
9983	9983
9982	9982
9981	9981
9980	9980
98561	98561
98560	98560
98559	98559
98546	98546
37180	37180
26081	26081
21776	21776
21744	21744
21743	21743
21657	21657
20570	20570
20569	20569
20568	20568
20567	20567
20566	20566
20565	20565
20564	20564
20563	20563
20562	20562
20561	20561
20560	20560
20559	20559
20558	20558
20520	20520
20519	20519
20518	20518
20517	20517
20516	20516
20515	20515
20514	20514
20513	20513
20512	20512
20511	20511
20510	20510
20509	20509
20508	20508
20507	20507
20506	20506
20505	20505
20504	20504
20503	20503
20502	20502
20501	20501
20500	20500
20499	20499
20498	20498
20497	20497
20496	20496
20495	20495
20494	20494
20493	20493
20492	20492
20491	20491
20490	20490
20489	20489
20488	20488
20487	20487
20486	20486
20485	20485
20484	20484
20483	20483
20482	20482
20481	20481
20480	20480
20479	20479
20478	20478
20477	20477
20476	20476
20475	20475
20474	20474
20473	20473
20472	20472
20471	20471
20470	20470
20469	20469
20468	20468
20467	20467
20466	20466
20465	20465
20464	20464
20463	20463
20461	20461
20460	20460
20459	20459
20458	20458
20457	20457
20456	20456
20455	20455
20454	20454
20453	20453
20452	20452
20451	20451
20450	20450
20449	20449
20448	20448
20447	20447
20446	20446
20445	20445
20444	20444
20443	20443
20442	20442
20441	20441
20440	20440
20439	20439
20438	20438
20437	20437
20436	20436
20435	20435
20434	20434
20433	20433
20432	20432
20431	20431
20430	20430
20429	20429
20428	20428
20427	20427
20426	20426
20425	20425
20424	20424
20423	20423
20422	20422
20421	20421
20420	20420
20419	20419
20418	20418
20417	20417
20416	20416
20415	20415
20414	20414
20413	20413
20412	20412
20411	20411
20410	20410
20409	20409
20408	20408
20407	20407
20406	20406
20405	20405
20404	20404
20403	20403
20402	20402
20401	20401
20400	20400
20399	20399
20398	20398
20397	20397
20396	20396
20395	20395
20394	20394
20393	20393
20392	20392
20391	20391
20390	20390
20389	20389
20388	20388
20387	20387
20386	20386
20385	20385
20384	20384
20383	20383
20382	20382
20381	20381
20380	20380
20379	20379
20378	20378
20377	20377
20376	20376
20375	20375
20374	20374
20373	20373
20372	20372
20371	20371
20370	20370
20369	20369
20368	20368
20367	20367
20366	20366
20365	20365
20364	20364
20355	20355
20354	20354
20353	20353
20352	20352
20351	20351
20350	20350
20349	20349
20348	20348
20347	20347
20346	20346
20345	20345
20344	20344
20343	20343
20342	20342
20341	20341
20340	20340
20339	20339
20338	20338
20337	20337
20336	20336
20335	20335
20334	20334
20333	20333
20332	20332
20331	20331
20330	20330
20329	20329
20328	20328
20327	20327
20326	20326
20325	20325
20324	20324
20323	20323
20322	20322
20321	20321
20320	20320
20319	20319
20318	20318
20317	20317
20316	20316
20315	20315
20314	20314
20313	20313
20312	20312
20311	20311
20310	20310
20309	20309
20308	20308
20307	20307
20306	20306
20305	20305
20304	20304
20303	20303
20302	20302
20301	20301
20300	20300
10884	10884
103547	103547
103546	103546
103545	103545
103544	103544
103543	103543
103542	103542
102557	102557
102531	102531
102078	102078
102077	102077
102076	102076
102075	102075
102074	102074
102073	102073
102072	102072
102071	102071
102070	102070
102069	102069
102068	102068
102067	102067
102056	102056
102055	102055
102054	102054
102053	102053
102052	102052
102051	102051
102050	102050
102049	102049
102048	102048
102034	102034
102033	102033
102032	102032
102031	102031
102030	102030
102029	102029
101986	101986
101985	101985
101984	101984
101983	101983
101982	101982
101957	101957
101948	101948
101947	101947
101946	101946
101945	101945
101944	101944
101942	101942
101941	101941
101940	101940
101939	101939
101938	101938
101937	101937
101936	101936
101935	101935
101934	101934
101564	101564
101378	101378
100652	100652
100651	100651
9999	9999
98568	98568
98567	98567
98566	98566
98547	98547
98545	98545
98544	98544
9000	9000
11464	11464
959	959
27050	27050
27032	27032
27012	27012
26995	26995
104127	104127
146	146
27065	27065
27064	27064
29268	29268
11471	11471
27051	27051
27048	27048
27040	27040
27038	27038
27020	27020
27019	27019
11472	11472
27028	27028
27016	27016
20556	20556
28201	28201
28198	28198
27914	27914
27778	27778
27707	27707
27394	27394
28541	28541
28391	28391
28197	28197
28954	28954
29276	29276
28540	28540
27976	27976
27952	27952
27509	27509
103561	103561
28676	28676
28270	28270
28375	28375
28371	28371
27683	27683
27333	27333
27313	27313
28982	28982
29012	29012
29274	29274
28447	28447
28357	28357
28116	28116
27111	27111
28981	28981
28735	28735
28675	28675
28255	28255
28200	28200
28196	28196
27674	27674
27652	27652
27293	27293
29019	29019
28657	28657
28588	28588
28315	28315
28229	28229
28169	28169
27882	27882
27282	27282
27229	27229
28702	28702
28195	28195
28060	28060
27974	27974
27802	27802
27777	27777
27423	27423
27373	27373
27292	27292
27219	27219
28786	28786
29269	29269
29275	29275
29277	29277
29278	29278
101660	101660
27999	27999
27826	27826
28671	28671
28059	28059
27320	27320
28500	28500
28390	28390
28342	28342
28194	28194
28177	28177
27699	27699
27322	27322
29272	29272
28656	28656
28374	28374
27753	27753
27706	27706
27281	27281
28813	28813
29002	29002
29273	29273
28516	28516
28409	28409
28389	28389
28264	28264
28049	28049
27831	27831
27776	27776
27580	27580
28783	28783
28838	28838
28961	28961
28696	28696
28088	28088
27910	27910
27733	27733
27452	27452
27161	27161
27085	27085
29271	29271
27395	27395
27729	27729
28587	28587
28544	28544
28515	28515
28319	28319
28314	28314
28227	28227
28179	28179
27519	27519
27217	27217
27121	27121
28913	28913
29270	29270
27555	27555
28892	28892
27693	27693
11463	11463
27024	27024
27018	27018
27005	27005
11469	11469
27039	27039
27030	27030
27010	27010
27008	27008
26990	26990
27061	27061
27055	27055
27047	27047
27037	27037
27033	27033
27031	27031
27013	27013
26999	26999
26991	26991
98573	98573
98574	98574
27070	27070
27054	27054
11470	11470
37173	37173
37171	37171
37170	37170
37169	37169
37167	37167
37166	37166
37165	37165
37164	37164
37163	37163
37162	37162
37161	37161
37160	37160
37158	37158
37157	37157
37156	37156
37155	37155
37153	37153
37152	37152
37151	37151
37150	37150
37149	37149
37148	37148
37146	37146
37145	37145
37144	37144
37143	37143
37142	37142
37141	37141
37140	37140
37138	37138
37137	37137
37136	37136
37135	37135
37134	37134
37131	37131
37130	37130
37129	37129
37128	37128
37127	37127
37126	37126
37125	37125
37124	37124
37123	37123
37122	37122
37121	37121
37119	37119
37118	37118
37117	37117
37016	37016
34567	34567
34323	34323
34140	34140
34108	34108
34012	34012
32090	32090
32087	32087
32071	32071
31005	31005
30866	30866
30822	30822
30813	30813
30806	30806
30732	30732
30731	30731
30729	30729
30636	30636
30629	30629
30614	30614
30547	30547
29772	29772
29653	29653
29652	29652
29402	29402
29400	29400
29399	29399
29398	29398
29396	29396
29394	29394
29393	29393
29392	29392
29391	29391
29390	29390
29388	29388
29384	29384
29383	29383
29382	29382
29290	29290
29049	29049
26899	26899
26480	26480
26099	26099
26069	26069
25206	25206
24944	24944
24321	24321
23341	23341
22980	22980
22925	22925
22917	22917
22914	22914
22891	22891
22884	22884
22829	22829
22737	22737
22420	22420
21951	21951
21945	21945
21944	21944
21822	21822
21821	21821
21745	21745
21742	21742
21741	21741
21740	21740
21739	21739
21738	21738
21737	21737
21736	21736
21734	21734
21733	21733
21731	21731
21729	21729
21728	21728
21727	21727
21724	21724
21723	21723
21722	21722
21721	21721
21720	21720
21719	21719
21718	21718
21717	21717
21716	21716
21715	21715
21714	21714
21713	21713
21712	21712
21711	21711
21710	21710
21709	21709
21708	21708
21707	21707
21704	21704
21702	21702
21700	21700
21699	21699
21698	21698
21696	21696
21695	21695
21694	21694
21692	21692
21691	21691
21690	21690
21689	21689
21688	21688
21687	21687
21686	21686
21685	21685
21684	21684
21683	21683
21681	21681
21680	21680
21679	21679
21677	21677
21676	21676
21675	21675
21674	21674
21673	21673
21672	21672
21671	21671
21670	21670
21669	21669
21668	21668
21667	21667
21666	21666
21664	21664
21663	21663
21662	21662
21660	21660
21659	21659
21658	21658
21656	21656
21655	21655
21654	21654
21653	21653
21652	21652
21651	21651
21650	21650
21649	21649
21648	21648
21646	21646
21645	21645
21643	21643
21642	21642
21640	21640
21639	21639
21638	21638
21637	21637
21636	21636
21635	21635
21634	21634
21633	21633
21632	21632
21631	21631
21629	21629
21628	21628
21627	21627
21626	21626
21625	21625
216	216
21532	21532
21531	21531
21530	21530
21529	21529
21528	21528
21527	21527
21526	21526
21525	21525
21524	21524
21523	21523
21522	21522
21520	21520
21501	21501
21497	21497
21494	21494
21479	21479
21463	21463
21459	21459
21444	21444
21369	21369
21363	21363
21336	21336
21313	21313
21186	21186
21161	21161
21160	21160
21158	21158
21155	21155
21152	21152
21150	21150
21147	21147
21145	21145
21141	21141
21140	21140
21136	21136
21135	21135
21130	21130
21129	21129
21128	21128
21120	21120
21119	21119
21118	21118
21117	21117
21116	21116
21046	21046
21043	21043
21041	21041
21039	21039
21038	21038
21034	21034
21030	21030
21026	21026
21023	21023
21018	21018
21016	21016
20910	20910
20909	20909
20908	20908
20883	20883
20875	20875
20822	20822
20820	20820
20817	20817
20811	20811
20777	20777
20759	20759
20757	20757
20753	20753
20750	20750
20735	20735
20725	20725
20724	20724
20719	20719
20713	20713
20711	20711
20709	20709
20708	20708
20706	20706
20705	20705
20704	20704
20702	20702
20698	20698
20697	20697
20694	20694
20693	20693
20692	20692
20688	20688
20686	20686
20683	20683
20681	20681
20679	20679
20677	20677
20676	20676
20675	20675
20671	20671
20665	20665
20662	20662
20661	20661
20659	20659
20658	20658
20655	20655
20649	20649
20648	20648
20646	20646
20644	20644
20643	20643
20642	20642
20641	20641
20640	20640
20638	20638
20636	20636
20634	20634
20633	20633
20632	20632
20631	20631
20629	20629
20628	20628
20627	20627
20625	20625
20624	20624
20623	20623
20622	20622
20620	20620
20619	20619
20618	20618
20617	20617
20616	20616
20613	20613
20612	20612
20611	20611
20610	20610
20609	20609
20608	20608
20607	20607
20606	20606
20605	20605
20603	20603
20602	20602
20601	20601
20600	20600
20599	20599
20598	20598
20597	20597
20596	20596
20595	20595
20594	20594
20593	20593
20592	20592
20591	20591
20590	20590
20589	20589
20588	20588
20587	20587
20585	20585
20584	20584
20583	20583
20582	20582
20581	20581
20580	20580
20579	20579
20363	20363
20362	20362
20361	20361
20360	20360
20359	20359
20358	20358
20357	20357
20356	20356
20299	20299
20298	20298
20297	20297
20296	20296
20295	20295
20294	20294
20293	20293
20292	20292
20291	20291
20290	20290
20289	20289
20288	20288
20287	20287
20286	20286
20285	20285
20284	20284
20283	20283
20282	20282
20281	20281
20280	20280
20279	20279
20276	20276
20270	20270
20269	20269
20267	20267
20266	20266
20264	20264
20263	20263
20262	20262
20258	20258
20257	20257
20255	20255
20254	20254
20252	20252
20251	20251
20249	20249
20247	20247
20246	20246
20245	20245
20242	20242
20241	20241
20240	20240
20239	20239
20238	20238
20232	20232
20231	20231
20230	20230
20228	20228
20227	20227
20226	20226
20225	20225
20219	20219
20218	20218
20216	20216
20215	20215
20214	20214
20213	20213
20212	20212
20211	20211
20210	20210
20209	20209
20208	20208
20207	20207
20206	20206
20205	20205
20204	20204
20203	20203
20202	20202
20199	20199
20198	20198
20197	20197
20195	20195
20194	20194
20191	20191
20190	20190
20189	20189
20188	20188
20187	20187
20186	20186
20185	20185
20184	20184
20183	20183
20178	20178
20177	20177
20176	20176
20175	20175
20173	20173
20172	20172
20170	20170
20169	20169
20168	20168
20166	20166
20162	20162
20158	20158
20154	20154
20153	20153
20151	20151
20149	20149
20148	20148
20146	20146
20145	20145
20143	20143
20142	20142
20141	20141
20140	20140
20139	20139
20138	20138
20137	20137
20136	20136
20135	20135
20134	20134
20132	20132
20131	20131
20130	20130
20129	20129
20128	20128
20127	20127
20126	20126
20125	20125
20123	20123
20122	20122
20121	20121
20120	20120
20119	20119
20118	20118
20114	20114
20108	20108
20107	20107
20106	20106
20104	20104
20102	20102
20101	20101
20099	20099
20096	20096
20093	20093
20092	20092
20089	20089
20087	20087
20082	20082
20081	20081
20079	20079
20077	20077
20076	20076
20075	20075
20072	20072
20071	20071
20069	20069
20064	20064
20062	20062
20060	20060
20059	20059
20057	20057
20056	20056
20055	20055
20054	20054
20053	20053
20052	20052
20051	20051
20050	20050
20049	20049
20048	20048
20047	20047
20046	20046
20045	20045
20044	20044
20043	20043
20042	20042
20041	20041
20040	20040
20039	20039
20038	20038
20037	20037
20036	20036
20035	20035
20030	20030
20029	20029
20028	20028
20027	20027
20026	20026
20025	20025
20024	20024
20022	20022
20021	20021
20019	20019
20018	20018
20017	20017
20016	20016
20015	20015
20014	20014
20012	20012
20009	20009
20008	20008
20007	20007
20006	20006
11462	11462
11461	11461
11460	11460
11459	11459
11455	11455
11452	11452
11449	11449
11448	11448
11446	11446
11442	11442
11441	11441
11440	11440
11439	11439
11438	11438
11435	11435
11434	11434
11433	11433
11432	11432
11431	11431
11430	11430
11429	11429
11428	11428
11427	11427
11424	11424
11423	11423
11422	11422
11420	11420
11418	11418
11417	11417
11415	11415
11414	11414
11413	11413
11410	11410
11408	11408
11404	11404
11402	11402
11401	11401
11399	11399
11397	11397
11396	11396
11394	11394
11390	11390
11389	11389
11388	11388
11386	11386
11384	11384
11383	11383
11382	11382
11381	11381
11380	11380
11378	11378
11377	11377
11376	11376
11373	11373
11372	11372
11371	11371
11369	11369
11368	11368
11367	11367
11366	11366
11365	11365
11363	11363
11362	11362
11361	11361
11360	11360
11357	11357
11356	11356
11354	11354
11350	11350
11349	11349
11347	11347
11346	11346
11345	11345
11344	11344
11343	11343
11338	11338
11337	11337
11336	11336
11335	11335
11334	11334
11332	11332
11331	11331
11329	11329
11328	11328
11326	11326
11325	11325
11324	11324
11323	11323
11322	11322
11321	11321
11320	11320
11315	11315
11313	11313
11308	11308
11305	11305
11301	11301
11300	11300
11298	11298
11296	11296
11294	11294
11293	11293
11284	11284
11281	11281
11279	11279
11267	11267
11264	11264
11263	11263
11262	11262
11259	11259
11258	11258
11257	11257
11255	11255
11254	11254
11253	11253
11250	11250
11249	11249
11248	11248
11247	11247
11245	11245
11244	11244
11243	11243
11241	11241
11239	11239
11238	11238
11233	11233
11226	11226
11222	11222
11221	11221
11215	11215
11213	11213
11209	11209
11208	11208
11206	11206
11201	11201
11199	11199
11198	11198
11197	11197
11195	11195
11194	11194
11190	11190
11183	11183
11157	11157
11154	11154
11142	11142
11134	11134
11107	11107
11105	11105
11104	11104
11103	11103
11102	11102
11100	11100
11097	11097
11096	11096
11093	11093
11092	11092
11089	11089
11082	11082
11081	11081
11076	11076
11075	11075
11074	11074
11072	11072
11068	11068
11066	11066
11065	11065
11061	11061
11060	11060
11059	11059
11054	11054
11052	11052
11051	11051
11050	11050
11048	11048
11047	11047
11046	11046
11045	11045
11044	11044
11042	11042
11041	11041
11040	11040
11039	11039
11035	11035
11034	11034
11032	11032
11031	11031
11023	11023
11022	11022
11019	11019
11018	11018
11016	11016
11014	11014
11002	11002
11000	11000
10998	10998
10996	10996
10994	10994
10993	10993
10992	10992
10989	10989
10986	10986
10984	10984
10983	10983
10980	10980
10979	10979
10978	10978
10977	10977
10976	10976
10975	10975
10974	10974
10973	10973
10972	10972
10971	10971
10970	10970
10969	10969
10968	10968
10967	10967
10966	10966
10964	10964
10963	10963
10962	10962
10961	10961
10960	10960
10958	10958
10957	10957
10956	10956
10955	10955
10954	10954
10953	10953
10952	10952
10949	10949
10948	10948
10938	10938
10936	10936
10934	10934
10932	10932
10931	10931
10930	10930
10929	10929
10927	10927
10925	10925
10924	10924
10922	10922
10921	10921
10920	10920
10919	10919
10918	10918
10917	10917
10916	10916
10915	10915
10914	10914
10913	10913
10912	10912
10911	10911
10910	10910
10909	10909
10908	10908
10907	10907
10905	10905
10903	10903
10901	10901
10900	10900
10889	10889
10886	10886
10885	10885
10882	10882
10878	10878
10877	10877
10875	10875
10873	10873
10869	10869
10863	10863
10862	10862
10856	10856
10855	10855
10851	10851
10850	10850
10848	10848
10844	10844
10843	10843
10836	10836
10835	10835
10831	10831
10826	10826
10823	10823
10821	10821
10817	10817
10815	10815
10814	10814
10813	10813
10809	10809
10808	10808
10806	10806
10801	10801
10800	10800
10799	10799
10798	10798
10797	10797
10796	10796
10794	10794
10793	10793
10792	10792
10791	10791
10790	10790
10789	10789
10788	10788
10787	10787
10786	10786
10784	10784
10783	10783
10782	10782
10781	10781
10780	10780
10779	10779
10775	10775
10774	10774
10771	10771
10768	10768
10765	10765
10764	10764
10763	10763
10762	10762
10761	10761
10760	10760
10757	10757
10756	10756
10755	10755
10753	10753
10752	10752
10751	10751
10750	10750
10748	10748
10746	10746
10744	10744
10743	10743
10742	10742
10741	10741
10740	10740
10739	10739
10738	10738
10737	10737
10736	10736
10735	10735
10733	10733
10732	10732
10731	10731
10728	10728
10727	10727
10725	10725
10723	10723
10722	10722
10721	10721
10720	10720
10719	10719
10718	10718
10716	10716
10715	10715
10714	10714
10711	10711
10709	10709
10708	10708
10707	10707
10706	10706
10698	10698
10697	10697
10696	10696
10695	10695
10692	10692
10690	10690
10686	10686
10685	10685
10684	10684
10683	10683
10682	10682
10681	10681
10680	10680
10679	10679
10678	10678
10677	10677
10676	10676
10674	10674
10673	10673
10670	10670
10669	10669
10667	10667
10666	10666
10663	10663
10662	10662
10660	10660
10657	10657
10655	10655
10652	10652
10651	10651
10648	10648
10647	10647
1058	1058
104109	104109
104108	104108
104107	104107
104106	104106
104105	104105
104104	104104
104103	104103
104102	104102
104101	104101
103820	103820
103819	103819
103818	103818
103817	103817
103816	103816
103815	103815
103814	103814
103813	103813
103562	103562
103560	103560
103559	103559
103557	103557
102558	102558
102554	102554
102547	102547
102546	102546
102545	102545
102544	102544
102543	102543
102542	102542
102541	102541
102540	102540
102539	102539
102538	102538
102537	102537
102535	102535
102530	102530
102528	102528
102448	102448
102443	102443
102440	102440
102438	102438
102433	102433
102432	102432
102431	102431
102430	102430
102429	102429
102428	102428
102427	102427
102079	102079
102066	102066
102065	102065
102064	102064
102063	102063
102062	102062
102061	102061
102060	102060
102059	102059
102058	102058
102057	102057
102047	102047
102046	102046
102045	102045
102044	102044
102043	102043
102042	102042
102041	102041
102040	102040
102039	102039
102038	102038
102037	102037
102036	102036
102035	102035
102028	102028
102027	102027
102026	102026
102025	102025
102024	102024
102023	102023
102022	102022
101997	101997
101996	101996
101995	101995
101994	101994
101993	101993
101992	101992
101991	101991
101990	101990
101989	101989
101988	101988
101981	101981
101980	101980
101979	101979
101978	101978
101977	101977
101976	101976
101975	101975
101961	101961
101960	101960
101959	101959
101958	101958
101956	101956
101955	101955
101954	101954
101953	101953
101952	101952
101951	101951
101950	101950
101949	101949
101871	101871
101870	101870
101869	101869
101868	101868
101867	101867
101866	101866
101849	101849
101848	101848
101847	101847
101845	101845
101844	101844
101843	101843
101842	101842
101841	101841
101840	101840
101839	101839
101836	101836
101835	101835
101834	101834
101833	101833
101832	101832
101831	101831
101830	101830
101829	101829
101828	101828
101827	101827
101826	101826
101825	101825
101824	101824
101823	101823
101822	101822
101821	101821
101820	101820
101819	101819
101818	101818
101817	101817
101816	101816
101815	101815
101814	101814
101813	101813
101812	101812
101811	101811
101810	101810
101809	101809
101808	101808
101807	101807
101806	101806
101805	101805
101804	101804
101803	101803
101802	101802
101801	101801
101800	101800
101799	101799
101798	101798
101797	101797
101796	101796
101795	101795
101794	101794
101793	101793
101792	101792
101791	101791
101790	101790
101788	101788
101786	101786
101785	101785
101784	101784
101783	101783
101782	101782
101780	101780
101779	101779
101778	101778
101777	101777
101776	101776
101775	101775
101773	101773
101772	101772
101771	101771
101769	101769
101768	101768
101765	101765
101764	101764
101758	101758
101755	101755
101754	101754
101753	101753
101752	101752
101750	101750
101748	101748
101746	101746
101742	101742
101741	101741
101740	101740
101737	101737
101736	101736
101735	101735
101734	101734
101733	101733
101732	101732
101731	101731
101728	101728
101727	101727
101724	101724
101723	101723
101722	101722
101720	101720
101718	101718
101717	101717
101713	101713
101711	101711
101710	101710
101707	101707
101705	101705
101703	101703
101702	101702
101701	101701
101699	101699
101696	101696
101695	101695
101694	101694
101692	101692
101691	101691
101690	101690
101689	101689
101687	101687
101686	101686
101684	101684
101681	101681
101679	101679
101678	101678
101676	101676
101674	101674
101672	101672
101671	101671
101670	101670
101668	101668
101666	101666
101664	101664
101663	101663
101658	101658
101655	101655
101649	101649
101648	101648
101647	101647
101645	101645
101642	101642
101641	101641
101640	101640
101639	101639
101638	101638
101637	101637
101636	101636
101635	101635
101634	101634
101631	101631
101630	101630
101629	101629
101628	101628
101626	101626
101625	101625
101624	101624
101622	101622
101621	101621
101620	101620
101619	101619
101617	101617
101615	101615
101614	101614
101613	101613
101612	101612
101611	101611
101610	101610
101607	101607
101605	101605
101603	101603
101602	101602
101600	101600
101599	101599
101598	101598
101596	101596
101594	101594
101590	101590
101589	101589
101588	101588
101586	101586
101584	101584
101583	101583
101582	101582
101580	101580
101579	101579
101577	101577
101576	101576
101575	101575
101573	101573
101572	101572
101571	101571
101568	101568
101567	101567
101566	101566
101565	101565
101563	101563
101562	101562
101558	101558
101557	101557
101556	101556
101554	101554
101553	101553
101552	101552
101549	101549
101548	101548
101546	101546
101545	101545
101544	101544
101543	101543
101539	101539
101538	101538
101537	101537
101534	101534
101533	101533
101529	101529
101511	101511
101508	101508
101503	101503
101502	101502
101500	101500
101499	101499
101498	101498
101496	101496
101494	101494
101493	101493
101486	101486
101484	101484
101479	101479
101473	101473
101470	101470
101468	101468
101465	101465
101463	101463
101461	101461
101460	101460
101455	101455
101451	101451
101450	101450
101448	101448
101442	101442
101440	101440
101439	101439
101438	101438
101437	101437
101436	101436
101435	101435
101434	101434
101432	101432
101428	101428
101427	101427
101421	101421
101418	101418
101417	101417
101416	101416
101415	101415
101414	101414
101413	101413
101412	101412
101411	101411
101410	101410
101409	101409
101403	101403
101402	101402
101401	101401
101396	101396
101395	101395
101394	101394
101390	101390
101388	101388
101387	101387
101385	101385
101384	101384
101383	101383
101382	101382
101379	101379
101377	101377
101376	101376
101375	101375
101374	101374
101373	101373
101372	101372
101371	101371
101370	101370
101369	101369
101368	101368
101367	101367
101366	101366
101365	101365
101364	101364
101363	101363
101362	101362
101361	101361
101360	101360
101359	101359
101358	101358
101357	101357
101356	101356
101355	101355
101354	101354
101353	101353
101352	101352
101351	101351
101350	101350
101349	101349
101348	101348
101347	101347
101346	101346
101345	101345
101344	101344
101343	101343
101342	101342
101340	101340
101339	101339
101338	101338
101337	101337
101336	101336
101334	101334
101333	101333
101332	101332
101331	101331
101330	101330
101329	101329
101328	101328
101327	101327
101326	101326
101325	101325
101324	101324
101323	101323
101322	101322
101321	101321
101320	101320
101319	101319
101318	101318
101317	101317
101316	101316
101315	101315
101314	101314
101313	101313
101312	101312
101311	101311
101310	101310
101309	101309
101308	101308
101306	101306
101305	101305
101304	101304
101303	101303
101302	101302
101301	101301
101300	101300
101298	101298
101297	101297
101296	101296
101295	101295
101294	101294
101293	101293
101292	101292
101291	101291
101290	101290
101289	101289
101288	101288
101287	101287
101286	101286
101285	101285
101284	101284
101283	101283
101282	101282
101281	101281
101280	101280
101279	101279
101278	101278
101277	101277
101276	101276
101275	101275
101274	101274
101273	101273
101272	101272
101271	101271
101270	101270
101269	101269
101268	101268
101267	101267
101266	101266
101265	101265
101264	101264
101263	101263
101262	101262
101261	101261
101260	101260
101259	101259
101258	101258
101257	101257
101256	101256
101255	101255
101254	101254
101253	101253
101252	101252
101251	101251
101250	101250
101249	101249
101248	101248
101247	101247
101246	101246
101245	101245
101244	101244
101242	101242
101241	101241
101240	101240
101239	101239
101238	101238
101237	101237
101236	101236
101235	101235
101234	101234
101233	101233
101232	101232
101231	101231
101230	101230
101229	101229
101228	101228
101227	101227
101226	101226
101225	101225
101224	101224
101223	101223
101222	101222
101221	101221
101220	101220
101219	101219
101218	101218
101217	101217
101216	101216
101215	101215
101214	101214
101213	101213
101212	101212
101211	101211
101210	101210
101209	101209
101208	101208
101207	101207
101206	101206
101205	101205
101204	101204
101203	101203
101202	101202
101201	101201
101200	101200
101199	101199
101198	101198
101197	101197
101196	101196
101195	101195
101194	101194
101193	101193
101192	101192
101191	101191
101190	101190
101189	101189
101188	101188
101187	101187
101186	101186
101185	101185
101184	101184
101183	101183
101182	101182
101181	101181
101180	101180
101179	101179
101178	101178
101177	101177
101176	101176
101175	101175
101174	101174
101173	101173
101172	101172
101171	101171
101170	101170
101169	101169
101168	101168
101167	101167
101166	101166
101165	101165
101164	101164
101163	101163
101162	101162
101161	101161
101160	101160
101159	101159
101158	101158
101157	101157
101156	101156
101155	101155
101154	101154
101153	101153
101152	101152
101151	101151
101150	101150
101149	101149
101148	101148
101147	101147
101146	101146
101145	101145
101144	101144
101143	101143
101142	101142
101141	101141
101140	101140
101139	101139
101138	101138
101137	101137
101136	101136
101135	101135
101134	101134
101133	101133
101132	101132
101131	101131
101130	101130
101129	101129
101127	101127
101126	101126
101125	101125
101124	101124
101123	101123
101122	101122
101121	101121
101120	101120
101119	101119
101118	101118
101117	101117
101116	101116
101115	101115
101114	101114
101113	101113
101112	101112
101111	101111
101110	101110
101109	101109
101108	101108
101107	101107
101106	101106
101105	101105
101104	101104
101103	101103
101102	101102
101101	101101
101100	101100
101099	101099
101098	101098
101097	101097
101096	101096
101095	101095
101094	101094
101093	101093
101092	101092
101091	101091
101090	101090
101089	101089
101088	101088
101087	101087
101086	101086
101085	101085
101084	101084
101083	101083
101082	101082
101081	101081
101080	101080
101079	101079
101078	101078
101077	101077
101076	101076
101075	101075
101074	101074
101073	101073
101072	101072
101071	101071
101069	101069
101068	101068
101064	101064
101060	101060
101058	101058
101056	101056
101055	101055
101054	101054
101053	101053
101052	101052
101051	101051
101050	101050
101049	101049
101048	101048
101047	101047
101046	101046
101045	101045
101044	101044
101043	101043
101042	101042
101041	101041
101040	101040
101039	101039
101038	101038
101037	101037
101036	101036
101035	101035
101034	101034
101033	101033
101032	101032
101031	101031
101030	101030
101029	101029
101028	101028
101027	101027
101026	101026
101025	101025
101024	101024
101023	101023
101022	101022
101021	101021
101020	101020
101019	101019
101018	101018
101017	101017
101016	101016
101015	101015
101014	101014
101013	101013
101012	101012
101011	101011
101010	101010
101009	101009
101008	101008
101007	101007
101006	101006
101005	101005
101004	101004
101003	101003
101002	101002
101001	101001
101000	101000
100999	100999
100998	100998
100997	100997
100996	100996
100995	100995
100994	100994
100993	100993
100992	100992
100991	100991
100990	100990
100989	100989
100988	100988
100987	100987
100985	100985
100984	100984
100981	100981
100980	100980
100977	100977
100976	100976
100975	100975
100974	100974
100973	100973
100972	100972
100971	100971
100970	100970
100969	100969
100968	100968
100967	100967
100966	100966
100965	100965
100964	100964
100963	100963
100962	100962
100961	100961
100960	100960
100959	100959
100958	100958
100957	100957
100956	100956
100955	100955
100954	100954
100950	100950
100948	100948
100942	100942
100941	100941
100940	100940
100939	100939
100938	100938
100937	100937
100936	100936
100935	100935
100934	100934
100933	100933
100932	100932
100931	100931
100930	100930
100929	100929
100928	100928
100927	100927
100926	100926
100925	100925
100924	100924
100923	100923
100922	100922
100921	100921
100920	100920
100919	100919
100918	100918
100917	100917
100915	100915
100914	100914
100913	100913
100910	100910
100909	100909
100908	100908
100907	100907
100906	100906
100905	100905
100904	100904
100903	100903
100902	100902
100901	100901
100900	100900
100899	100899
100898	100898
100897	100897
100896	100896
100895	100895
100894	100894
100893	100893
100892	100892
100891	100891
100890	100890
100889	100889
100888	100888
100887	100887
100886	100886
100885	100885
100884	100884
100883	100883
100882	100882
100880	100880
100879	100879
100878	100878
100877	100877
100876	100876
100875	100875
100874	100874
100873	100873
100872	100872
100871	100871
100870	100870
100869	100869
100868	100868
100867	100867
100866	100866
100865	100865
100864	100864
100863	100863
100862	100862
100861	100861
100860	100860
100859	100859
100858	100858
100857	100857
100856	100856
100855	100855
100854	100854
100853	100853
100852	100852
100851	100851
100850	100850
100849	100849
100848	100848
100847	100847
100846	100846
100845	100845
100844	100844
100843	100843
100842	100842
100841	100841
100840	100840
100839	100839
100838	100838
100837	100837
100836	100836
100835	100835
100834	100834
100833	100833
100832	100832
100831	100831
100830	100830
100829	100829
100828	100828
100827	100827
100826	100826
100825	100825
100824	100824
100823	100823
100822	100822
100821	100821
100820	100820
100819	100819
100818	100818
100817	100817
100816	100816
100815	100815
100813	100813
100812	100812
100811	100811
100810	100810
100809	100809
100808	100808
100807	100807
100806	100806
100805	100805
100804	100804
100803	100803
100802	100802
100801	100801
100800	100800
100799	100799
100798	100798
100797	100797
100796	100796
100795	100795
100794	100794
100793	100793
100792	100792
100791	100791
100790	100790
100789	100789
100788	100788
100787	100787
100786	100786
100785	100785
100784	100784
100783	100783
100782	100782
100781	100781
100780	100780
100779	100779
100778	100778
100777	100777
100776	100776
100775	100775
100774	100774
100773	100773
100772	100772
100771	100771
100770	100770
100769	100769
100768	100768
100767	100767
100766	100766
100765	100765
100764	100764
100763	100763
100762	100762
100761	100761
100760	100760
100759	100759
100758	100758
100757	100757
100756	100756
100755	100755
100754	100754
100753	100753
100752	100752
100751	100751
100750	100750
100749	100749
100747	100747
100746	100746
100745	100745
100744	100744
100743	100743
100742	100742
100741	100741
100739	100739
100738	100738
100737	100737
100736	100736
100735	100735
100734	100734
100733	100733
100732	100732
100731	100731
100730	100730
100729	100729
100728	100728
100727	100727
100726	100726
100725	100725
100724	100724
100723	100723
100722	100722
100721	100721
100720	100720
100719	100719
100718	100718
100717	100717
100716	100716
100715	100715
100714	100714
100713	100713
100712	100712
100711	100711
100710	100710
100709	100709
100708	100708
100707	100707
100706	100706
100705	100705
100704	100704
100703	100703
100702	100702
100701	100701
100700	100700
100699	100699
100698	100698
100697	100697
100696	100696
100695	100695
100694	100694
100693	100693
100692	100692
100691	100691
100690	100690
100689	100689
100688	100688
100687	100687
100686	100686
100685	100685
100682	100682
100681	100681
100680	100680
100679	100679
100678	100678
100677	100677
100676	100676
100675	100675
100674	100674
100673	100673
100672	100672
100671	100671
100670	100670
100669	100669
100668	100668
100667	100667
100666	100666
100665	100665
100664	100664
100660	100660
100659	100659
100658	100658
100657	100657
100656	100656
100655	100655
100654	100654
100653	100653
100650	100650
100649	100649
100648	100648
100647	100647
100646	100646
100645	100645
100644	100644
100643	100643
100642	100642
100641	100641
100640	100640
100639	100639
100638	100638
100637	100637
100636	100636
100635	100635
100634	100634
100633	100633
100632	100632
100631	100631
100630	100630
100628	100628
100627	100627
100626	100626
100625	100625
100624	100624
100623	100623
100622	100622
100621	100621
100620	100620
100619	100619
100617	100617
100616	100616
100615	100615
100614	100614
100613	100613
100612	100612
100611	100611
100610	100610
100609	100609
100607	100607
100606	100606
100605	100605
100604	100604
100603	100603
100602	100602
100601	100601
100600	100600
100599	100599
100598	100598
100597	100597
100596	100596
100595	100595
100594	100594
100593	100593
100592	100592
100591	100591
100590	100590
100589	100589
100588	100588
100587	100587
100586	100586
100585	100585
100584	100584
100583	100583
100582	100582
100581	100581
100580	100580
100579	100579
100578	100578
100577	100577
100576	100576
100575	100575
100574	100574
100573	100573
100572	100572
100571	100571
100570	100570
100569	100569
100568	100568
100567	100567
100566	100566
100565	100565
100564	100564
100563	100563
100562	100562
100561	100561
100560	100560
100559	100559
100558	100558
100557	100557
100556	100556
100555	100555
100554	100554
100553	100553
100552	100552
100550	100550
100549	100549
100545	100545
100538	100538
100536	100536
100535	100535
100533	100533
100532	100532
100530	100530
100525	100525
100522	100522
100520	100520
100516	100516
100514	100514
100512	100512
100510	100510
100508	100508
100501	100501
100491	100491
100490	100490
100487	100487
100477	100477
100474	100474
100472	100472
100452	100452
100448	100448
100447	100447
100446	100446
100445	100445
100444	100444
100443	100443
99998	99998
99997	99997
99996	99996
99995	99995
99994	99994
99993	99993
99992	99992
99991	99991
99990	99990
99989	99989
99988	99988
99987	99987
99986	99986
99985	99985
99984	99984
99983	99983
99982	99982
99981	99981
99980	99980
99979	99979
99978	99978
99977	99977
99976	99976
99975	99975
99974	99974
99973	99973
99972	99972
99971	99971
99970	99970
99969	99969
99968	99968
99967	99967
99966	99966
99965	99965
99964	99964
99963	99963
99962	99962
99961	99961
99960	99960
99959	99959
99958	99958
99957	99957
99956	99956
99955	99955
99954	99954
99953	99953
99952	99952
99951	99951
99950	99950
99949	99949
99948	99948
99947	99947
99946	99946
99945	99945
99944	99944
99943	99943
99942	99942
99941	99941
99940	99940
99939	99939
99938	99938
99937	99937
99936	99936
99935	99935
99934	99934
99933	99933
99932	99932
99931	99931
99930	99930
99929	99929
99928	99928
99927	99927
99926	99926
99925	99925
99924	99924
99923	99923
99922	99922
99921	99921
99920	99920
99919	99919
99918	99918
99917	99917
99916	99916
99915	99915
99914	99914
99913	99913
99912	99912
99911	99911
99910	99910
99909	99909
99908	99908
99907	99907
99906	99906
99905	99905
99904	99904
99903	99903
99902	99902
99901	99901
99900	99900
99899	99899
99898	99898
99897	99897
99896	99896
99895	99895
99894	99894
99893	99893
99892	99892
99891	99891
99890	99890
99889	99889
99888	99888
99887	99887
99886	99886
99885	99885
99884	99884
99883	99883
99882	99882
99881	99881
99880	99880
99879	99879
99878	99878
99877	99877
99876	99876
99875	99875
99874	99874
99873	99873
99872	99872
99871	99871
99870	99870
99869	99869
99868	99868
99867	99867
99866	99866
99865	99865
99864	99864
99863	99863
99862	99862
99861	99861
99860	99860
99859	99859
99858	99858
99857	99857
99856	99856
99855	99855
99854	99854
99853	99853
99852	99852
99851	99851
99850	99850
99849	99849
99848	99848
99847	99847
99846	99846
99845	99845
99844	99844
99843	99843
99842	99842
99841	99841
99840	99840
99839	99839
99838	99838
99837	99837
99836	99836
99835	99835
99834	99834
99833	99833
99832	99832
99831	99831
99830	99830
99829	99829
99828	99828
99827	99827
99826	99826
99825	99825
99824	99824
99823	99823
99822	99822
99821	99821
99820	99820
99819	99819
99818	99818
99817	99817
99816	99816
99815	99815
99814	99814
99813	99813
99812	99812
99811	99811
99810	99810
99809	99809
99808	99808
99807	99807
99806	99806
99805	99805
99804	99804
99803	99803
99802	99802
99801	99801
99800	99800
99799	99799
99798	99798
99797	99797
99796	99796
99795	99795
99794	99794
99793	99793
99792	99792
99791	99791
99790	99790
99789	99789
99788	99788
99787	99787
99786	99786
99785	99785
99784	99784
99783	99783
99782	99782
99781	99781
99780	99780
99779	99779
99778	99778
99777	99777
99776	99776
99775	99775
99774	99774
99773	99773
99772	99772
99771	99771
99770	99770
99769	99769
99768	99768
99767	99767
99766	99766
99765	99765
99764	99764
99763	99763
99762	99762
99761	99761
99760	99760
99759	99759
99758	99758
99757	99757
99756	99756
99755	99755
99754	99754
99753	99753
99752	99752
99751	99751
99750	99750
99749	99749
99748	99748
99747	99747
99746	99746
99745	99745
99744	99744
99743	99743
99742	99742
99741	99741
99740	99740
99739	99739
99738	99738
99737	99737
99736	99736
99735	99735
99734	99734
99733	99733
99732	99732
99731	99731
99730	99730
99729	99729
99728	99728
99727	99727
99726	99726
99725	99725
99724	99724
99723	99723
99722	99722
99721	99721
99720	99720
99719	99719
99718	99718
99717	99717
99716	99716
99715	99715
99714	99714
99713	99713
99712	99712
99711	99711
99710	99710
99709	99709
99708	99708
99707	99707
99706	99706
99705	99705
99704	99704
99703	99703
99702	99702
99701	99701
99700	99700
99699	99699
99698	99698
99697	99697
99696	99696
99695	99695
99694	99694
99693	99693
99692	99692
99691	99691
99690	99690
99689	99689
99688	99688
99687	99687
99686	99686
99685	99685
99684	99684
99683	99683
99682	99682
99681	99681
99680	99680
99679	99679
99678	99678
99677	99677
99676	99676
99675	99675
99674	99674
99673	99673
99672	99672
99671	99671
99670	99670
99669	99669
99668	99668
99667	99667
99666	99666
99665	99665
99664	99664
99663	99663
99662	99662
99661	99661
99660	99660
99659	99659
99658	99658
99657	99657
99656	99656
99655	99655
99654	99654
99653	99653
99652	99652
99651	99651
99650	99650
99649	99649
99648	99648
99647	99647
99646	99646
99645	99645
99644	99644
99643	99643
99642	99642
99641	99641
99640	99640
99639	99639
99638	99638
99637	99637
99636	99636
99635	99635
99634	99634
99633	99633
99632	99632
99631	99631
99630	99630
99629	99629
99628	99628
99627	99627
99626	99626
99625	99625
99624	99624
99623	99623
99622	99622
99621	99621
99620	99620
99619	99619
99618	99618
99617	99617
99616	99616
99615	99615
99614	99614
99613	99613
99612	99612
99611	99611
99610	99610
99609	99609
99608	99608
99607	99607
99606	99606
99605	99605
99604	99604
99603	99603
99602	99602
99601	99601
99600	99600
99599	99599
99598	99598
99597	99597
99596	99596
99595	99595
99594	99594
99593	99593
99592	99592
99591	99591
99590	99590
99589	99589
99588	99588
99587	99587
99586	99586
99585	99585
99584	99584
99583	99583
99582	99582
99581	99581
99580	99580
99579	99579
99578	99578
99577	99577
99576	99576
99575	99575
99574	99574
99573	99573
99572	99572
99571	99571
99570	99570
99569	99569
99568	99568
99567	99567
99566	99566
99565	99565
99564	99564
99563	99563
99562	99562
99561	99561
99560	99560
99559	99559
99558	99558
99557	99557
99556	99556
99555	99555
99554	99554
99553	99553
99552	99552
99551	99551
99550	99550
99549	99549
99548	99548
99547	99547
99546	99546
99545	99545
99544	99544
99543	99543
99542	99542
99541	99541
99540	99540
99539	99539
99538	99538
99537	99537
99536	99536
99535	99535
99534	99534
99533	99533
99532	99532
99531	99531
99530	99530
99529	99529
99528	99528
99527	99527
99526	99526
99525	99525
99524	99524
99523	99523
99522	99522
99521	99521
99520	99520
99519	99519
99518	99518
99517	99517
99516	99516
99515	99515
99514	99514
99513	99513
99512	99512
99511	99511
99510	99510
99509	99509
99508	99508
99507	99507
99506	99506
99505	99505
99504	99504
99503	99503
99502	99502
99501	99501
99500	99500
99499	99499
99498	99498
99497	99497
99496	99496
99495	99495
99494	99494
99493	99493
99492	99492
99491	99491
99490	99490
99489	99489
99488	99488
99487	99487
99486	99486
99485	99485
99484	99484
99483	99483
99482	99482
99481	99481
99480	99480
99479	99479
99478	99478
99477	99477
99476	99476
99475	99475
99474	99474
99473	99473
99472	99472
99471	99471
99470	99470
99469	99469
99468	99468
99467	99467
99466	99466
99465	99465
99464	99464
99463	99463
99462	99462
99461	99461
99460	99460
99459	99459
99458	99458
99457	99457
99456	99456
99455	99455
99454	99454
99453	99453
99452	99452
99451	99451
99450	99450
99449	99449
99448	99448
99447	99447
99446	99446
99445	99445
99444	99444
99443	99443
99442	99442
99441	99441
99440	99440
99439	99439
99438	99438
99437	99437
99436	99436
99435	99435
99434	99434
99433	99433
99432	99432
99431	99431
99430	99430
99429	99429
99428	99428
99427	99427
99426	99426
99425	99425
99424	99424
99423	99423
99422	99422
99421	99421
99420	99420
99419	99419
99418	99418
99417	99417
99416	99416
99415	99415
99414	99414
99413	99413
99412	99412
99411	99411
99410	99410
99409	99409
99408	99408
99407	99407
99406	99406
99405	99405
99404	99404
99403	99403
99402	99402
99401	99401
99400	99400
99399	99399
99398	99398
99397	99397
99396	99396
99395	99395
99394	99394
99393	99393
99392	99392
99391	99391
99390	99390
99389	99389
99388	99388
99387	99387
99386	99386
99385	99385
99384	99384
99383	99383
99382	99382
99381	99381
99380	99380
99379	99379
99378	99378
99377	99377
99376	99376
99375	99375
99374	99374
99373	99373
99372	99372
99371	99371
99370	99370
99369	99369
99368	99368
99367	99367
99366	99366
99365	99365
99364	99364
99363	99363
99362	99362
99361	99361
99360	99360
99359	99359
99358	99358
99357	99357
99356	99356
99355	99355
99354	99354
99353	99353
99352	99352
99351	99351
99350	99350
99349	99349
99348	99348
99347	99347
99346	99346
99345	99345
99344	99344
99343	99343
99342	99342
99341	99341
99340	99340
99339	99339
99338	99338
99337	99337
99336	99336
99335	99335
99334	99334
99333	99333
99332	99332
99331	99331
99330	99330
99329	99329
99328	99328
99327	99327
99326	99326
99325	99325
99324	99324
99323	99323
99322	99322
99321	99321
99320	99320
99319	99319
99318	99318
99317	99317
99316	99316
99315	99315
99314	99314
99313	99313
99312	99312
99311	99311
99310	99310
99309	99309
99308	99308
99307	99307
99306	99306
99305	99305
99304	99304
99303	99303
99302	99302
99301	99301
99300	99300
99299	99299
99298	99298
99297	99297
99296	99296
99295	99295
99294	99294
99293	99293
99292	99292
99291	99291
99290	99290
99289	99289
99288	99288
99287	99287
99286	99286
99285	99285
99284	99284
99283	99283
99282	99282
99281	99281
99280	99280
99279	99279
99278	99278
99277	99277
99276	99276
99275	99275
99274	99274
99273	99273
99272	99272
99271	99271
99270	99270
99269	99269
99268	99268
99267	99267
99265	99265
99264	99264
99263	99263
99262	99262
99261	99261
99260	99260
99259	99259
99258	99258
99257	99257
99256	99256
99255	99255
99254	99254
99253	99253
99252	99252
99251	99251
99250	99250
99249	99249
99248	99248
99247	99247
99246	99246
99245	99245
99244	99244
99243	99243
99242	99242
99241	99241
99240	99240
99239	99239
99238	99238
99237	99237
99236	99236
99235	99235
99234	99234
99233	99233
99232	99232
99231	99231
99230	99230
99229	99229
99228	99228
99227	99227
99226	99226
99225	99225
99224	99224
99223	99223
99222	99222
99221	99221
99220	99220
99219	99219
99218	99218
99216	99216
99215	99215
99214	99214
99213	99213
99212	99212
99211	99211
99210	99210
99209	99209
99208	99208
99207	99207
99206	99206
99205	99205
99204	99204
99203	99203
99202	99202
99201	99201
99200	99200
99199	99199
99198	99198
99197	99197
99196	99196
99195	99195
99194	99194
99193	99193
99192	99192
99191	99191
99190	99190
99189	99189
99188	99188
99187	99187
99186	99186
99185	99185
99184	99184
99183	99183
99182	99182
99181	99181
99180	99180
99179	99179
99178	99178
99177	99177
99176	99176
99175	99175
99174	99174
99173	99173
99172	99172
99171	99171
99170	99170
99169	99169
99168	99168
99167	99167
99166	99166
99165	99165
99164	99164
99163	99163
99162	99162
99161	99161
99160	99160
99159	99159
99158	99158
99157	99157
99156	99156
99155	99155
99154	99154
99153	99153
99152	99152
99151	99151
99150	99150
99149	99149
99148	99148
99147	99147
99146	99146
99145	99145
99144	99144
99143	99143
99142	99142
99141	99141
99140	99140
99139	99139
99138	99138
99137	99137
99136	99136
99135	99135
99134	99134
99133	99133
99132	99132
99131	99131
99130	99130
99129	99129
99128	99128
99127	99127
99126	99126
99125	99125
99124	99124
99123	99123
99122	99122
99121	99121
99120	99120
99119	99119
99118	99118
99117	99117
99116	99116
99115	99115
99114	99114
99113	99113
99112	99112
99111	99111
99110	99110
99109	99109
99108	99108
99107	99107
99106	99106
99105	99105
99104	99104
99103	99103
99102	99102
99101	99101
99100	99100
99099	99099
99098	99098
99096	99096
99095	99095
99094	99094
99093	99093
99092	99092
99091	99091
99090	99090
99089	99089
99088	99088
99087	99087
99086	99086
99085	99085
99084	99084
99083	99083
99082	99082
99081	99081
99080	99080
99079	99079
99078	99078
99077	99077
99076	99076
99075	99075
99074	99074
99073	99073
99072	99072
99071	99071
99070	99070
99069	99069
99068	99068
99067	99067
99066	99066
99065	99065
99064	99064
99063	99063
99062	99062
99061	99061
99060	99060
99059	99059
99058	99058
99057	99057
99056	99056
99055	99055
99054	99054
99053	99053
99052	99052
99051	99051
99050	99050
99049	99049
99048	99048
99047	99047
99046	99046
99045	99045
99044	99044
99043	99043
99042	99042
99041	99041
99040	99040
99039	99039
99038	99038
99037	99037
99036	99036
99035	99035
99034	99034
99033	99033
99032	99032
99031	99031
99030	99030
99029	99029
99028	99028
99027	99027
99026	99026
99025	99025
99024	99024
99023	99023
99022	99022
99021	99021
99020	99020
99019	99019
99018	99018
99017	99017
99016	99016
99015	99015
99014	99014
99013	99013
99012	99012
99011	99011
99010	99010
99009	99009
99008	99008
99007	99007
99006	99006
99005	99005
99004	99004
99003	99003
99002	99002
99001	99001
99000	99000
98999	98999
98998	98998
98997	98997
98996	98996
98995	98995
98994	98994
98993	98993
98992	98992
98991	98991
98990	98990
98989	98989
98988	98988
98987	98987
98986	98986
98985	98985
98984	98984
98983	98983
98982	98982
98981	98981
98980	98980
98979	98979
98978	98978
98977	98977
98976	98976
98975	98975
98974	98974
98973	98973
98972	98972
98971	98971
98970	98970
98969	98969
98968	98968
98967	98967
98966	98966
98965	98965
98964	98964
98963	98963
98962	98962
98961	98961
98960	98960
98959	98959
98958	98958
98957	98957
98956	98956
98955	98955
98954	98954
98953	98953
98952	98952
98951	98951
98950	98950
98949	98949
98948	98948
98947	98947
98946	98946
98945	98945
98944	98944
98943	98943
98942	98942
98941	98941
98940	98940
98939	98939
98938	98938
98937	98937
98936	98936
98935	98935
98934	98934
98933	98933
98932	98932
98931	98931
98930	98930
98929	98929
98928	98928
98927	98927
98926	98926
98925	98925
98924	98924
98923	98923
98922	98922
98921	98921
98920	98920
98919	98919
98918	98918
98917	98917
98916	98916
98915	98915
98914	98914
98913	98913
98912	98912
98911	98911
98910	98910
98909	98909
98908	98908
98907	98907
98906	98906
98905	98905
98904	98904
98903	98903
98902	98902
98901	98901
98900	98900
98899	98899
98898	98898
98897	98897
98896	98896
98895	98895
98894	98894
98893	98893
98892	98892
98891	98891
98890	98890
98889	98889
98888	98888
98887	98887
98886	98886
98885	98885
98884	98884
98883	98883
98882	98882
98881	98881
98880	98880
98879	98879
98878	98878
98877	98877
98876	98876
98875	98875
98874	98874
98873	98873
98872	98872
98871	98871
98870	98870
98869	98869
98868	98868
98867	98867
98866	98866
98865	98865
98864	98864
98863	98863
98862	98862
98861	98861
98860	98860
98859	98859
98858	98858
98857	98857
98856	98856
98855	98855
98854	98854
98853	98853
98852	98852
98851	98851
98850	98850
98849	98849
98848	98848
98847	98847
98846	98846
98845	98845
98844	98844
98843	98843
98842	98842
98841	98841
98840	98840
98839	98839
98838	98838
98837	98837
98836	98836
98835	98835
98834	98834
98833	98833
98832	98832
98831	98831
98830	98830
98829	98829
98828	98828
98827	98827
98826	98826
98825	98825
98824	98824
98823	98823
98822	98822
98821	98821
98820	98820
98819	98819
98818	98818
98817	98817
98816	98816
98815	98815
98814	98814
98813	98813
98812	98812
98811	98811
98810	98810
98809	98809
98808	98808
98807	98807
98806	98806
98805	98805
98804	98804
98803	98803
98802	98802
98801	98801
98800	98800
98799	98799
98798	98798
98797	98797
98796	98796
98795	98795
98794	98794
98793	98793
98792	98792
98791	98791
98790	98790
98789	98789
98788	98788
98787	98787
98786	98786
98785	98785
98784	98784
98783	98783
98782	98782
98781	98781
98780	98780
98779	98779
98778	98778
98777	98777
98776	98776
98775	98775
98774	98774
98773	98773
98772	98772
98771	98771
98770	98770
98769	98769
98768	98768
98767	98767
98766	98766
98765	98765
98764	98764
98763	98763
98762	98762
98761	98761
98760	98760
98759	98759
98758	98758
98757	98757
98756	98756
98755	98755
98754	98754
98753	98753
98752	98752
98751	98751
98750	98750
98749	98749
98748	98748
98747	98747
98746	98746
98745	98745
98744	98744
98743	98743
98742	98742
98741	98741
98740	98740
98739	98739
98738	98738
98737	98737
98736	98736
98735	98735
98734	98734
98733	98733
98732	98732
98731	98731
98730	98730
98729	98729
98728	98728
98727	98727
98726	98726
98725	98725
98724	98724
98723	98723
98722	98722
98721	98721
98720	98720
98719	98719
98718	98718
98717	98717
98716	98716
98715	98715
98714	98714
98713	98713
98712	98712
98711	98711
98710	98710
98709	98709
98708	98708
98707	98707
98706	98706
98705	98705
98704	98704
98703	98703
98702	98702
98701	98701
98700	98700
98699	98699
98698	98698
98697	98697
98696	98696
98695	98695
98694	98694
98693	98693
98692	98692
98691	98691
98686	98686
98685	98685
98684	98684
98683	98683
98682	98682
98669	98669
98668	98668
98667	98667
98666	98666
98665	98665
98664	98664
98663	98663
98662	98662
98661	98661
98660	98660
98659	98659
98658	98658
98657	98657
98656	98656
98655	98655
98654	98654
98653	98653
98652	98652
98651	98651
98650	98650
98649	98649
98648	98648
98647	98647
98646	98646
98645	98645
98644	98644
98634	98634
98633	98633
98632	98632
98631	98631
98630	98630
98629	98629
98628	98628
98627	98627
98626	98626
98625	98625
98624	98624
98623	98623
98622	98622
98621	98621
98620	98620
98619	98619
98618	98618
98617	98617
98616	98616
98615	98615
98614	98614
98613	98613
98612	98612
98611	98611
98610	98610
98609	98609
98608	98608
98607	98607
98606	98606
98605	98605
98604	98604
98603	98603
98602	98602
98601	98601
98600	98600
98599	98599
98598	98598
98597	98597
98596	98596
98595	98595
98594	98594
98593	98593
98592	98592
98591	98591
98590	98590
98589	98589
98588	98588
98587	98587
98586	98586
98585	98585
98584	98584
98583	98583
98582	98582
98581	98581
98580	98580
98579	98579
976	976
975	975
974	974
973	973
972	972
971	971
970	970
969	969
968	968
967	967
9	9
80	80
8	8
79	79
78	78
77	77
76	76
75	75
74	74
7	7
68	68
67	67
66	66
65	65
64	64
63	63
62	62
6	6
58	58
57	57
56	56
55	55
54	54
53	53
51	51
50	50
5	5
49	49
48	48
47	47
46	46
45	45
44	44
43	43
42	42
41	41
4	4
39	39
38	38
37172	37172
37168	37168
37159	37159
37154	37154
37147	37147
37139	37139
37133	37133
37120	37120
37	37
36079	36079
36	36
350	350
35	35
349	349
34087	34087
33	33
30	30
29397	29397
29389	29389
28	28
25	25
240	240
24	24
239	239
238	238
237	237
236	236
235	235
23329	23329
23	23
22805	22805
22049	22049
22	22
21941	21941
21940	21940
21939	21939
21938	21938
21937	21937
21936	21936
21935	21935
21934	21934
21933	21933
21932	21932
21931	21931
21930	21930
21929	21929
21928	21928
21927	21927
21926	21926
21925	21925
21924	21924
21923	21923
21922	21922
21921	21921
21920	21920
21919	21919
21918	21918
21917	21917
21916	21916
21915	21915
21914	21914
21913	21913
21912	21912
21911	21911
21910	21910
21909	21909
21908	21908
21907	21907
21906	21906
21905	21905
21904	21904
21903	21903
21902	21902
21901	21901
21900	21900
219	219
21899	21899
21898	21898
21897	21897
21896	21896
21895	21895
21894	21894
21893	21893
21892	21892
21891	21891
21890	21890
21889	21889
21888	21888
21887	21887
21886	21886
21885	21885
21884	21884
21883	21883
21882	21882
21881	21881
21880	21880
21879	21879
21878	21878
21877	21877
21876	21876
21875	21875
21874	21874
21873	21873
21872	21872
21871	21871
21870	21870
21869	21869
21868	21868
21867	21867
21866	21866
21865	21865
21864	21864
21863	21863
21862	21862
21861	21861
21860	21860
21859	21859
21858	21858
21857	21857
21856	21856
21855	21855
21854	21854
21853	21853
21852	21852
21850	21850
21849	21849
21848	21848
21847	21847
21846	21846
21845	21845
21844	21844
21843	21843
21842	21842
21841	21841
21840	21840
21839	21839
21838	21838
21837	21837
21836	21836
21835	21835
21834	21834
21833	21833
21832	21832
21831	21831
21830	21830
21829	21829
21828	21828
21827	21827
21826	21826
21825	21825
21819	21819
21818	21818
21817	21817
21816	21816
21815	21815
21814	21814
21813	21813
21812	21812
21811	21811
21810	21810
21809	21809
21808	21808
21807	21807
21806	21806
21805	21805
21804	21804
21803	21803
21802	21802
21801	21801
21800	21800
21799	21799
21798	21798
21797	21797
21796	21796
21795	21795
21794	21794
21793	21793
21792	21792
21791	21791
21790	21790
21789	21789
21788	21788
21787	21787
21786	21786
21785	21785
21784	21784
21783	21783
21782	21782
21781	21781
21780	21780
21779	21779
21778	21778
21777	21777
21735	21735
21732	21732
21726	21726
21725	21725
21703	21703
21701	21701
217	217
21697	21697
21665	21665
21647	21647
21644	21644
21641	21641
21630	21630
21624	21624
21623	21623
21622	21622
21621	21621
21620	21620
21619	21619
21521	21521
21519	21519
215	215
214	214
21370	21370
213	213
21154	21154
21125	21125
21	21
20728	20728
20721	20721
20720	20720
20718	20718
20717	20717
20716	20716
20715	20715
20714	20714
20712	20712
20710	20710
20707	20707
20703	20703
20701	20701
20700	20700
20699	20699
20696	20696
20695	20695
20691	20691
20690	20690
20689	20689
20687	20687
20685	20685
20684	20684
20682	20682
20680	20680
20678	20678
20674	20674
20673	20673
20672	20672
20670	20670
20669	20669
20668	20668
20667	20667
20666	20666
20664	20664
20663	20663
20660	20660
20657	20657
20656	20656
20654	20654
20653	20653
20652	20652
20650	20650
20647	20647
20645	20645
20639	20639
20637	20637
20635	20635
20630	20630
20626	20626
20621	20621
20615	20615
20614	20614
20604	20604
20586	20586
20578	20578
20576	20576
20571	20571
20523	20523
20268	20268
20265	20265
20261	20261
20259	20259
20256	20256
20250	20250
20248	20248
20244	20244
20243	20243
20237	20237
20236	20236
20235	20235
20234	20234
20233	20233
20229	20229
20224	20224
20217	20217
20201	20201
20200	20200
20196	20196
20193	20193
20192	20192
20181	20181
20180	20180
20179	20179
20174	20174
20171	20171
20167	20167
20165	20165
20164	20164
20163	20163
20161	20161
20160	20160
20159	20159
20157	20157
20156	20156
20155	20155
20152	20152
20150	20150
20147	20147
20144	20144
20133	20133
20124	20124
20117	20117
20115	20115
20113	20113
20112	20112
20111	20111
20110	20110
20109	20109
20105	20105
20103	20103
20100	20100
20098	20098
20097	20097
20094	20094
20091	20091
20090	20090
20088	20088
20086	20086
20085	20085
20084	20084
20083	20083
20080	20080
20078	20078
20074	20074
20073	20073
20070	20070
20068	20068
20067	20067
20066	20066
20065	20065
20063	20063
20061	20061
20058	20058
20034	20034
20033	20033
20032	20032
20031	20031
20023	20023
20020	20020
20013	20013
20011	20011
20010	20010
20	20
2	2
198	198
197	197
195	195
194	194
193	193
192	192
191	191
19	19
18	18
172	172
16	16
15	15
14	14
13	13
12	12
11458	11458
11456	11456
11454	11454
11453	11453
11451	11451
11447	11447
11445	11445
11444	11444
11437	11437
11436	11436
11426	11426
11425	11425
11421	11421
11416	11416
11412	11412
11411	11411
11407	11407
11406	11406
11405	11405
11400	11400
11395	11395
11393	11393
11392	11392
11391	11391
11387	11387
11385	11385
11379	11379
11374	11374
11364	11364
11358	11358
11355	11355
11352	11352
11351	11351
11348	11348
11342	11342
11341	11341
11339	11339
11333	11333
11327	11327
11319	11319
11317	11317
11314	11314
11312	11312
11311	11311
11310	11310
11307	11307
11306	11306
11304	11304
11303	11303
11302	11302
11299	11299
11297	11297
11295	11295
11292	11292
11291	11291
11290	11290
11288	11288
11287	11287
11286	11286
11285	11285
11283	11283
11280	11280
11278	11278
11277	11277
11276	11276
11275	11275
11274	11274
11273	11273
11272	11272
11271	11271
11270	11270
11269	11269
11268	11268
11265	11265
11260	11260
11256	11256
11252	11252
11251	11251
11246	11246
11242	11242
11240	11240
11236	11236
11234	11234
11231	11231
11230	11230
11229	11229
11228	11228
11227	11227
11224	11224
11223	11223
11220	11220
11219	11219
11218	11218
11217	11217
11216	11216
11214	11214
11212	11212
11210	11210
11207	11207
11205	11205
11204	11204
11203	11203
11202	11202
11200	11200
11196	11196
11192	11192
11189	11189
11188	11188
11187	11187
11186	11186
11184	11184
11182	11182
11181	11181
11180	11180
11179	11179
11178	11178
11177	11177
11175	11175
11174	11174
11173	11173
11172	11172
11171	11171
11170	11170
11169	11169
11168	11168
11167	11167
11166	11166
11165	11165
11164	11164
11163	11163
11161	11161
11160	11160
11159	11159
11155	11155
11152	11152
11151	11151
11150	11150
11149	11149
11147	11147
11145	11145
11144	11144
11143	11143
11141	11141
11139	11139
11138	11138
11137	11137
11136	11136
11135	11135
11133	11133
11132	11132
11129	11129
11128	11128
11127	11127
11126	11126
11125	11125
11124	11124
11123	11123
11122	11122
11121	11121
11120	11120
11116	11116
11115	11115
11114	11114
11113	11113
11112	11112
11110	11110
11109	11109
11106	11106
11101	11101
11099	11099
11098	11098
11094	11094
11091	11091
11090	11090
11088	11088
11087	11087
11086	11086
11085	11085
11083	11083
11080	11080
11073	11073
11071	11071
1107	1107
11067	11067
11064	11064
11063	11063
11062	11062
1106	1106
11058	11058
11057	11057
11056	11056
11055	11055
11053	11053
11049	11049
11043	11043
1104	1104
11038	11038
11037	11037
11036	11036
11033	11033
11030	11030
11026	11026
11025	11025
11017	11017
11011	11011
11009	11009
11008	11008
11007	11007
11006	11006
11005	11005
11	11
10997	10997
10991	10991
10990	10990
10988	10988
10987	10987
10982	10982
10981	10981
10965	10965
10959	10959
10951	10951
1095	1095
10947	10947
10945	10945
10944	10944
10943	10943
10942	10942
10941	10941
10940	10940
1094	1094
10937	10937
10935	10935
1093	1093
10928	10928
10923	10923
1092	1092
1091	1091
10906	10906
10902	10902
10899	10899
10898	10898
10896	10896
10895	10895
10894	10894
10893	10893
10892	10892
10891	10891
10888	10888
10887	10887
10883	10883
10881	10881
10879	10879
10876	10876
10874	10874
10872	10872
10871	10871
10870	10870
10868	10868
10867	10867
10865	10865
10864	10864
10861	10861
10860	10860
10859	10859
10858	10858
10854	10854
10849	10849
10847	10847
10846	10846
10845	10845
10840	10840
10839	10839
10838	10838
10837	10837
10834	10834
10833	10833
10830	10830
10829	10829
10828	10828
10827	10827
10825	10825
10824	10824
10822	10822
10820	10820
10818	10818
10816	10816
10812	10812
10811	10811
10810	10810
10807	10807
10805	10805
10804	10804
10803	10803
10785	10785
10778	10778
10777	10777
10773	10773
10770	10770
10769	10769
10758	10758
10754	10754
10747	10747
10745	10745
10734	10734
10729	10729
10717	10717
10713	10713
10710	10710
10704	10704
10703	10703
10702	10702
10701	10701
10700	10700
10691	10691
10689	10689
10688	10688
10675	10675
10671	10671
10668	10668
10665	10665
10664	10664
10661	10661
10659	10659
10656	10656
10654	10654
10653	10653
10649	10649
10646	10646
102560	102560
102559	102559
102556	102556
102555	102555
102536	102536
102534	102534
102533	102533
102532	102532
102447	102447
102442	102442
102441	102441
102439	102439
102437	102437
102436	102436
102435	102435
102434	102434
10239	10239
10235	10235
101987	101987
101789	101789
101787	101787
101781	101781
101749	101749
101743	101743
100683	100683
100471	100471
100470	100470
100469	100469
100468	100468
100467	100467
100466	100466
100465	100465
100464	100464
100463	100463
100462	100462
100461	100461
100460	100460
100459	100459
100458	100458
100456	100456
100455	100455
100454	100454
100453	100453
100451	100451
100450	100450
100442	100442
100441	100441
100440	100440
100439	100439
100438	100438
100437	100437
100436	100436
100435	100435
100434	100434
100433	100433
100432	100432
100431	100431
100430	100430
100429	100429
100428	100428
100427	100427
100426	100426
100425	100425
100424	100424
100423	100423
100422	100422
100421	100421
100420	100420
100419	100419
100418	100418
100417	100417
100416	100416
100415	100415
100414	100414
100413	100413
100411	100411
100410	100410
100409	100409
100408	100408
100407	100407
100406	100406
100405	100405
100404	100404
100403	100403
100402	100402
100401	100401
100400	100400
100399	100399
100398	100398
100397	100397
100396	100396
100395	100395
100394	100394
100393	100393
100392	100392
100391	100391
100390	100390
100389	100389
100388	100388
100387	100387
100386	100386
100385	100385
100384	100384
100383	100383
100382	100382
100381	100381
100380	100380
100379	100379
100378	100378
100377	100377
100376	100376
100375	100375
100374	100374
100373	100373
100372	100372
100371	100371
100370	100370
100369	100369
100368	100368
100367	100367
100366	100366
100365	100365
100364	100364
100363	100363
100362	100362
100361	100361
100360	100360
100359	100359
100358	100358
100357	100357
100356	100356
100355	100355
100354	100354
100353	100353
100352	100352
100351	100351
100350	100350
100349	100349
100348	100348
100347	100347
100346	100346
100345	100345
100344	100344
100343	100343
100342	100342
100341	100341
100339	100339
100338	100338
100337	100337
100336	100336
100335	100335
100334	100334
100333	100333
100332	100332
100331	100331
100329	100329
100328	100328
100327	100327
100326	100326
100325	100325
100323	100323
100322	100322
100321	100321
100320	100320
100319	100319
100318	100318
100317	100317
100316	100316
100315	100315
100314	100314
100313	100313
100312	100312
100311	100311
100310	100310
100309	100309
100308	100308
100307	100307
100306	100306
100305	100305
100304	100304
100303	100303
100302	100302
100301	100301
100300	100300
100299	100299
100298	100298
100297	100297
100296	100296
100295	100295
100294	100294
100293	100293
100292	100292
100291	100291
100290	100290
100289	100289
100288	100288
100287	100287
100286	100286
100285	100285
100284	100284
100283	100283
100282	100282
100281	100281
100280	100280
100279	100279
100278	100278
100277	100277
100276	100276
100275	100275
100274	100274
100273	100273
100272	100272
100271	100271
100270	100270
100269	100269
100268	100268
100267	100267
100266	100266
100265	100265
100264	100264
100263	100263
100262	100262
100261	100261
100260	100260
100259	100259
100258	100258
100257	100257
100256	100256
100255	100255
100254	100254
100253	100253
100252	100252
100251	100251
100250	100250
100249	100249
100248	100248
100247	100247
100246	100246
100245	100245
100244	100244
100243	100243
100242	100242
100241	100241
100240	100240
100239	100239
100238	100238
100237	100237
100236	100236
100235	100235
100234	100234
100233	100233
100232	100232
100231	100231
100230	100230
100229	100229
100228	100228
100227	100227
100226	100226
100225	100225
100224	100224
100223	100223
100222	100222
100221	100221
100220	100220
100219	100219
100218	100218
100217	100217
100216	100216
100215	100215
100214	100214
100213	100213
100212	100212
100211	100211
100210	100210
100209	100209
100208	100208
100207	100207
100206	100206
100205	100205
100204	100204
100203	100203
100202	100202
100201	100201
100200	100200
100199	100199
100198	100198
100197	100197
100196	100196
100195	100195
100194	100194
100193	100193
100192	100192
100191	100191
100190	100190
100189	100189
100188	100188
100187	100187
100186	100186
100185	100185
100184	100184
100183	100183
100182	100182
100181	100181
100180	100180
100179	100179
100178	100178
100177	100177
100176	100176
100175	100175
100174	100174
100173	100173
100172	100172
100171	100171
100170	100170
100169	100169
100168	100168
100167	100167
100166	100166
100165	100165
100164	100164
100163	100163
100162	100162
100161	100161
100160	100160
100159	100159
100158	100158
100157	100157
100156	100156
100155	100155
100154	100154
100153	100153
100152	100152
100151	100151
100150	100150
100149	100149
100148	100148
100147	100147
100146	100146
100145	100145
100144	100144
100143	100143
100142	100142
100141	100141
100140	100140
100139	100139
100138	100138
100137	100137
100136	100136
100135	100135
100134	100134
100133	100133
100132	100132
100131	100131
100130	100130
100129	100129
100128	100128
100127	100127
100126	100126
100125	100125
100124	100124
100123	100123
100122	100122
100121	100121
100120	100120
100119	100119
100118	100118
100117	100117
100116	100116
100115	100115
100114	100114
100113	100113
100112	100112
100111	100111
100110	100110
100109	100109
100108	100108
100107	100107
100106	100106
100105	100105
100104	100104
100103	100103
100102	100102
100101	100101
100100	100100
100099	100099
100098	100098
100097	100097
100096	100096
100095	100095
100094	100094
100093	100093
100092	100092
100091	100091
100090	100090
100089	100089
100088	100088
100087	100087
100086	100086
100085	100085
100084	100084
100083	100083
100082	100082
100081	100081
100080	100080
100079	100079
100078	100078
100077	100077
100076	100076
100075	100075
100074	100074
100073	100073
100072	100072
100071	100071
100070	100070
100069	100069
100068	100068
100067	100067
100066	100066
100065	100065
100064	100064
100063	100063
100062	100062
100061	100061
100060	100060
100059	100059
100058	100058
100057	100057
100056	100056
100055	100055
100054	100054
100053	100053
100052	100052
100051	100051
100050	100050
100049	100049
100048	100048
100047	100047
100046	100046
100045	100045
100044	100044
100043	100043
100042	100042
100041	100041
100040	100040
100039	100039
100038	100038
100037	100037
100036	100036
100035	100035
100034	100034
100033	100033
100032	100032
100031	100031
100030	100030
100029	100029
100028	100028
100027	100027
100026	100026
100025	100025
100024	100024
100023	100023
100022	100022
100021	100021
100020	100020
100019	100019
100018	100018
100017	100017
100016	100016
100015	100015
100014	100014
100013	100013
100012	100012
100011	100011
100010	100010
100009	100009
100008	100008
100007	100007
100006	100006
100005	100005
100004	100004
100003	100003
100002	100002
100001	100001
100000	100000
10	10
606	606
605	605
574	574
573	573
542	542
541	541
510	510
509	509
478	478
477	477
446	446
445	445
414	414
413	413
21949	21949
11457	11457
11450	11450
11443	11443
11409	11409
11403	11403
11398	11398
11375	11375
11353	11353
11340	11340
11330	11330
11318	11318
11316	11316
11309	11309
11282	11282
11266	11266
11235	11235
11232	11232
11225	11225
11193	11193
11176	11176
11162	11162
11158	11158
11156	11156
11153	11153
11148	11148
11146	11146
11131	11131
11119	11119
11117	11117
11111	11111
11108	11108
11095	11095
11084	11084
11079	11079
11077	11077
11070	11070
11069	11069
11029	11029
11024	11024
11021	11021
11020	11020
11015	11015
11013	11013
11012	11012
11010	11010
11004	11004
10995	10995
10950	10950
10946	10946
10939	10939
10933	10933
10926	10926
10904	10904
10897	10897
10857	10857
10853	10853
10842	10842
10841	10841
10832	10832
10819	10819
10802	10802
10795	10795
10776	10776
10772	10772
10712	10712
10705	10705
10699	10699
10693	10693
10687	10687
10672	10672
10658	10658
10650	10650
10645	10645
10251	10251
102446	102446
102445	102445
10243	10243
10233	10233
10231	10231
10176	10176
10174	10174
1	1
225	225
